39
584
347
175
447
447
584
79
447
79
723
447
558
234
444
558
546
186
186
186
186
534
114
79
546
186
39
39
114
558
39
549
546
546
549
39
546
114
39
186
546
79
114
39
585
585
470
234
558
556
534
186
186
114
181
114
114
79
222
723
39
558
724
556
556
346
585
556
556
558
546
72
72
425
114
114
79
72
79
79
546
546
546
447
114
39
556
534
558
471
534
114
407
234
177
79
347
114
558
114
546
39
181
534
347
177
470
72
546
534
39
447
114
114
39
114
407
114
534
471
222
181
114
585
347
186
723
723
717
584
131
234
685
723
556
186
234
114
584
347
234
556
447
723
723
717
234
723
114
181
114
114
558
234
470
114
186
471
185
131
114
556
347
114
347
447
39
534
534
534
175
79
407
546
175
724
177
447
534
181
181
175
546
599
185
186
558
346
114
584
585
346
346
534
185
471
558
558
556
599
447
177
444
717
470
444
72
471
447
534
584
277
347
584
471
599
79
175
534
114
39
222
584
407
347
723
72
79
546
346
724
556
556
234
556
556
72
558
584
584
558
599
585
114
234
234
447
558
72
347
181
72
447
558
175
556
346
470
558
546
534
534
79
585
347
585
723
114
724
181
585
585
39
347
407
39
277
114
177
558
72
347
175
222
584
470
556
447
39
444
447
177
293
79
79
185
534
177
546
558
79
39
114
558
181
114
79
186
585
72
724
471
584
347
447
39
181
72
599
114
407
558
175
39
79
114
558
222
534
444
470
79
79
79
407
114
534
39
447
181
407
347
447
234
407
346
347
549
558
181
546
534
39
114
556
556
558
447
177
558
407
471
447
347
407
72
447
39
114
556
39
114
175
181
234
407
599
39
558
79
234
79
471
79
549
181
584
114
599
72
79
346
39
114
534
79
546
114
347
558
114
114
114
175
346
558
407
585
558
556
79
39
546
546
534
444
558
556
114
471
175
534
470
407
425
347
347
546
546
79
79
556
534
72
556
347
599
546
534
470
79
407
584
444
444
558
447
585
584
346
347
185
72
39
39
114
114
114
79
556
546
585
347
444
79
39
558
114
546
470
471
724
407
585
717
407
556
556
556
79
346
175
407
556
585
407
470
114
584
222
599
407
724
347
234
556
534
407
556
114
584
549
447
558
471
556
447
175
407
407
39
558
407
407
558
717
234
346
79
347
447
599
181
546
407
39
346
407
234
79
534
556
546
534
534
39
175
471
347
534
39
549
599
556
447
546
177
39
549
114
534
346
79
177
346
556
470
558
72
39
444
234
114
177
534
407
114
114
558
347
407
347
79
599
79
114
181
584
556
558
114
471
447
584
585
558
447
186
72
447
549
234
346
79
599
234
346
234
599
181
114
534
181
549
407
346
447
724
447
72
39
546
546
79
114
534
347
546
546
534
558
447
79
346
447
79
181
556
181
347
585
407
558
584
234
685
177
723
723
723
724
723
724
471
39
222
447
534
186
723
585
685
556
185
549
79
556
585
556
234
585
724
114
234
234
724
222
114
444
723
685
717
407
584
585
549
677
407
277
724
724
234
585
685
685
685
685
234
724
724
599
546
556
585
447
470
717
407
181
685
407
685
175
181
724
717
724
584
685
723
723
585
717
234
685
724
717
717
347
470
181
444
723
724
407
234
471
447
444
584
