36
36
135
36
135
135
7
188
218
391
188
188
62
135
489
336
489
36
62
20
57
346
20
475
7
144
136
36
62
355
144
376
20
144
62
36
376
376
376
376
475
20
144
357
346
20
54
336
336
376
475
336
489
54
57
136
57
185
36
57
509
62
20
135
475
7
355
509
475
336
253
188
135
20
218
20
391
391
57
218
336
489
346
135
185
475
57
135
20
336
36
475
336
391
489
188
7
475
136
136
346
62
218
36
346
336
218
135
135
346
20
62
218
391
185
391
346
346
185
62
391
36
489
376
36
489
346
376
489
336
376
136
489
135
135
136
391
475
135
489
136
357
336
144
188
36
355
185
376
57
336
336
36
185
475
188
475
489
185
185
185
509
509
336
475
188
57
489
135
20
36
20
57
355
376
376
346
376
346
475
253
475
20
489
185
475
336
188
188
144
475
36
357
135
253
135
36
36
36
376
346
357
475
357
391
357
376
376
136
346
346
36
475
62
391
62
475
218
218
346
62
355
20
62
376
376
20
57
20
376
376
376
376
376
235
475
7
135
346
489
489
336
62
336
7
489
188
135
357
346
357
336
253
188
410
475
135
36
7
136
391
336
62
355
346
489
57
62
20
376
391
135
253
62
188
20
357
136
346
357
336
36
336
57
376
336
391
62
185
336
355
62
475
20
218
36
336
336
357
7
376
62
346
185
57
336
357
489
391
346
357
135
135
346
20
57
509
188
346
357
475
509
475
218
135
336
336
489
185
188
489
57
376
20
62
336
135
136
355
57
336
355
357
346
135
346
355
62
357
376
144
355
336
475
355
57
357
336
62
135
135
376
376
135
376
475
20
357
253
36
136
62
57
36
36
376
36
135
376
36
253
135
36
391
489
376
336
391
355
136
391
489
336
135
410
185
336
336
57
57
355
62
135
410
36
188
336
355
185
410
475
475
62
253
357
357
489
218
346
336
355
136
54
475
357
355
336
185
135
336
346
346
185
336
36
489
136
218
336
57
346
346
336
188
336
135
346
253
376
489
336
475
218
135
144
391
135
336
135
355
253
185
57
346
144
20
218
57
20
376
57
136
346
489
475
357
489
185
253
489
136
185
489
218
144
57
57
489
489
135
475
475
57
135
376
346
136
185
36
135
20
185
355
509
218
475
136
489
509
57
475
509
188
185
20
218
509
218
509
188
489
185
253
357
185
188
57
509
185
57
185
188
185
185
57
509
509
509
185
346
509
346
185
489
62
509
136
509
509
36
20
489
475
509
509
336
185
509
509
20
336
509
509
509
57
20
336
