202
238
157
85
53
157
242
53
157
238
246
80
80
242
93
206
107
53
246
53
242
242
80
157
242
120
201
246
120
206
93
93
206
85
85
85
80
242
157
53
157
157
53
53
53
53
53
53
53
53
53
85
53
53
53
85
53
53
53
53
53
85
85
53
53
157
53
53
157
53
157
120
246
242
80
246
242
78
242
80
107
202
107
93
85
246
242
85
242
93
93
242
93
80
242
80
93
80
120
93
120
157
93
120
107
80
107
201
157
252
93
242
246
85
252
242
157
107
157
120
201
120
93
85
125
242
80
85
242
80
53
107
133
157
157
157
85
80
107
80
80
242
93
107
242
157
107
157
238
107
242
246
153
157
107
93
157
206
242
242
242
120
242
80
107
157
85
120
246
157
201
120
120
157
85
242
242
201
202
242
78
242
107
202
242
107
80
80
80
107
242
78
202
93
252
120
242
107
201
120
201
202
202
107
201
206
120
107
157
242
157
120
157
85
107
157
85
157
120
120
120
201
80
201
80
120
201
93
80
93
93
246
201
201
201
238
246
238
246
85
93
242
201
242
120
246
107
157
80
80
107
252
