211
378
62
242
49
391
68
391
62
212
212
212
62
378
212
378
17
114
242
68
212
176
68
68
176
391
212
391
378
17
68
76
391
123
211
123
164
68
164
76
76
68
378
310
176
171
164
164
49
171
123
52
211
164
52
386
378
391
164
176
176
62
304
391
49
76
164
68
68
378
49
62
378
391
386
76
378
171
176
176
17
477
391
310
17
211
242
62
304
304
62
211
310
49
378
62
378
49
49
242
212
52
114
114
477
477
211
68
176
176
304
114
114
114
164
49
114
310
378
164
164
68
123
62
49
164
242
114
212
62
62
62
123
310
68
212
211
211
62
304
114
212
310
378
212
378
17
76
391
171
114
17
391
68
62
378
68
211
123
68
68
390
62
164
211
310
391
211
114
17
171
310
164
49
164
176
114
68
114
176
68
378
176
164
378
62
378
49
114
304
52
68
114
212
391
49
68
123
49
17
211
49
390
211
378
62
52
176
391
212
211
212
114
304
212
52
211
211
242
378
62
390
212
17
211
62
242
477
68
310
310
52
62
310
114
114
390
52
212
212
62
242
62
378
391
62
242
212
310
212
17
390
176
390
68
68
49
378
378
212
242
123
114
378
378
17
211
242
304
378
212
52
176
391
176
212
477
164
114
176
212
378
176
76
49
378
17
114
68
17
49
114
164
76
114
477
390
378
68
378
391
391
391
304
477
114
68
176
52
310
211
68
164
378
212
114
114
114
62
477
52
68
477
114
49
17
477
212
62
114
52
176
212
212
62
212
378
176
378
62
310
212
378
62
68
212
114
304
62
391
52
114
114
390
212
176
378
68
52
123
477
62
17
123
176
378
49
477
68
211
62
477
477
49
477
164
391
378
62
62
211
49
171
17
391
386
49
378
477
390
391
378
62
114
17
176
390
391
390
76
68
176
17
211
176
68
378
123
49
378
310
211
390
176
310
114
171
68
477
176
176
114
176
378
391
477
176
76
49
52
391
17
390
176
435
76
49
68
176
310
49
68
211
52
164
391
123
76
76
164
378
477
211
68
164
164
76
164
76
76
52
164
390
114
68
68
176
123
52
76
17
52
176
164
477
477
477
52
211
114
