773
780
230
770
409
63
21
105
90
105
105
21
550
21
438
453
90
514
770
409
21
347
268
61
317
21
21
387
90
105
21
387
773
307
387
21
514
770
61
21
90
347
510
347
21
21
105
387
347
550
105
409
21
814
105
409
21
21
105
61
61
514
63
61
773
770
409
109
387
61
90
105
510
347
105
307
814
409
349
109
770
438
814
453
85
105
109
453
453
90
347
105
105
109
268
409
105
105
105
268
61
21
61
105
105
109
105
109
109
109
109
105
109
105
109
105
105
105
105
105
105
105
510
61
777
510
409
109
739
105
514
61
438
409
307
773
510
230
514
453
230
230
307
777
773
770
409
777
63
175
438
514
63
514
90
814
349
307
109
780
510
347
387
349
510
777
777
109
773
814
268
307
109
438
175
176
770
105
61
347
550
770
770
514
409
347
777
307
21
514
739
105
175
105
773
535
105
61
780
510
307
438
773
814
510
438
453
230
535
347
349
347
387
453
409
63
770
777
773
109
268
770
105
438
535
773
307
105
438
230
814
777
61
61
323
105
323
268
268
105
550
464
814
773
770
777
510
770
773
63
510
176
105
109
105
814
387
230
387
514
307
109
770
109
514
109
61
268
453
510
61
387
409
409
90
105
105
453
347
61
453
814
268
268
438
773
453
550
770
773
268
105
307
176
550
550
514
61
323
105
347
773
770
307
773
739
307
349
453
307
464
780
323
323
323
317
317
323
323
349
323
307
323
323
349
510
323
349
323
323
323
739
307
739
307
739
307
307
739
349
739
307
510
510
307
387
347
773
349
387
347
514
409
739
307
464
323
739
105
814
323
109
307
307
780
307
773
780
307
105
510
307
105
105
347
317
268
307
109
814
814
777
814
63
773
109
387
814
739
438
268
773
510
307
773
268
535
268
453
739
307
61
21
514
109
739
409
770
409
230
514
176
268
176
387
21
61
409
510
347
317
347
770
514
90
814
105
438
63
409
453
176
347
349
773
453
535
438
550
409
61
109
777
307
510
777
307
773
780
317
105
510
453
814
387
453
739
770
453
773
773
307
739
464
739
510
347
453
349
176
175
176
814
514
268
307
230
409
773
535
510
109
739
105
409
175
773
773
438
814
307
777
307
514
777
105
105
61
63
387
268
773
739
307
510
230
510
307
63
510
777
739
109
514
105
510
409
510
307
307
387
514
347
550
63
770
770
773
770
109
814
347
453
510
535
514
63
510
105
514
268
464
514
453
323
90
770
770
770
550
514
387
175
347
349
268
307
773
777
814
307
61
777
814
347
770
780
61
61
63
387
323
307
510
777
61
550
550
323
510
453
347
514
770
814
773
770
773
514
814
323
349
550
347
109
268
510
307
510
438
814
387
770
347
176
510
387
323
176
307
307
814
453
63
550
514
21
770
453
550
438
176
773
347
514
535
535
61
307
777
510
514
814
349
61
770
535
61
409
230
514
777
773
453
814
510
814
105
61
514
780
105
61
514
61
387
109
510
307
510
409
535
773
21
387
514
349
814
307
510
61
409
777
773
814
453
514
21
514
550
514
453
510
307
739
61
510
777
773
409
109
550
307
347
773
814
347
105
814
770
409
510
109
510
307
739
777
510
61
109
105
510
105
777
739
307
268
61
347
109
307
773
510
550
349
268
105
307
773
21
773
510
109
770
510
105
453
268
739
307
409
780
510
770
773
773
268
176
105
387
109
105
777
323
773
777
739
105
770
347
105
770
347
510
176
510
409
453
105
770
409
347
773
105
409
814
777
777
814
780
307
307
773
510
268
510
514
514
453
510
464
409
21
535
61
21
63
550
307
347
63
175
777
773
777
347
409
514
63
773
61
63
438
814
510
773
550
349
510
453
409
822
510
387
409
347
453
510
109
777
