517
301
301
517
517
517
108
517
517
517
518
518
517
518
517
108
517
518
518
518
517
193
206
193
303
165
419
134
307
165
518
517
419
518
309
419
518
193
108
517
517
517
115
419
134
419
518
518
600
583
134
518
517
303
193
301
517
165
490
104
307
517
193
517
518
517
191
206
348
556
518
307
104
419
131
419
115
191
556
115
309
193
165
206
518
600
419
134
518
115
307
307
381
303
206
191
490
600
115
115
583
583
104
104
309
115
517
108
108
419
301
307
301
301
115
419
191
309
518
131
419
600
115
303
115
191
193
307
206
134
131
115
191
134
115
583
419
600
419
583
381
517
517
518
517
201
303
201
201
307
206
301
134
309
381
307
517
381
193
193
309
419
201
309
165
309
165
134
193
165
191
490
517
191
301
309
191
131
206
600
600
600
201
206
191
201
206
307
193
165
191
165
193
490
309
600
518
206
301
191
201
191
191
517
201
206
490
134
348
131
556
309
131
303
307
309
131
131
201
206
303
301
307
191
309
253
518
309
419
517
131
309
191
201
201
556
206
309
165
301
191
201
303
253
104
165
583
206
309
490
165
307
253
303
307
104
309
301
303
419
600
490
191
517
201
104
303
556
301
165
490
193
309
301
517
307
309
193
301
307
191
307
518
518
201
104
600
301
206
517
134
307
301
134
104
517
201
419
518
517
301
303
303
191
419
193
307
303
309
191
518
201
309
307
301
419
191
115
303
206
309
517
518
309
193
303
134
307
517
301
301
518
556
191
303
206
108
165
518
600
206
309
309
165
600
490
600
348
307
191
115
301
517
307
165
348
518
108
206
131
518
201
309
191
517
518
419
309
201
191
518
165
165
165
307
307
193
193
193
193
381
348
131
201
115
307
191
191
556
490
134
115
165
419
307
134
309
206
131
165
191
309
301
131
193
206
134
191
191
600
301
115
206
309
517
134
134
348
419
518
201
307
517
309
309
419
307
301
490
134
518
134
309
307
165
303
556
381
517
517
600
517
518
517
165
201
419
419
201
191
518
517
201
307
131
309
303
193
309
518
600
307
201
600
303
191
301
165
309
206
115
419
201
303
517
165
518
303
309
104
303
201
303
518
348
303
191
309
490
490
490
193
301
600
517
301
419
419
115
309
131
165
165
309
206
518
517
419
193
348
115
193
419
517
518
600
517
518
303
115
307
301
419
115
191
307
419
134
131
309
104
193
201
201
201
191
201
301
309
193
309
201
600
419
134
600
600
419
201
309
419
309
309
134
108
556
490
490
583
600
301
165
131
191
583
115
201
309
301
115
309
301
309
600
556
309
206
191
600
583
131
583
583
115
131
600
583
201
583
517
115
600
600
303
583
600
309
201
131
600
419
600
583
583
583
583
303
