938
551
1012
938
552
943
329
894
894
963
605
15
894
551
15
551
628
628
963
938
842
586
795
551
842
795
552
628
938
938
333
253
796
943
605
842
796
253
552
842
796
552
747
253
253
253
605
253
329
977
628
629
963
997
551
628
605
388
628
603
628
963
605
938
963
586
938
977
894
963
1012
551
605
586
551
1012
603
629
1012
938
894
1012
1012
938
628
1012
963
915
977
586
628
551
605
915
747
795
943
747
674
15
747
15
15
938
894
747
977
894
842
963
628
795
938
943
329
747
943
938
15
938
15
963
329
915
894
943
842
15
894
894
747
15
943
586
943
747
747
795
795
15
943
586
943
943
842
796
15
980
943
747
795
795
15
795
795
329
747
795
795
943
329
842
333
795
795
747
795
842
795
842
795
796
796
842
333
333
333
333
333
842
628
963
963
628
894
628
1012
1012
329
586
963
388
1012
977
894
586
938
253
943
795
796
15
915
944
795
795
333
795
15
938
747
795
842
796
795
747
796
842
795
795
943
997
943
796
915
586
796
795
551
235
235
235
674
586
235
795
795
943
674
796
944
586
795
795
796
235
796
253
796
795
235
915
253
944
795
915
842
915
795
842
842
329
943
842
605
795
551
915
938
977
894
747
551
747
938
747
894
977
628
605
329
795
795
943
795
915
333
15
795
944
333
747
963
329
894
938
747
894
586
551
842
943
747
842
747
551
333
796
796
253
329
795
795
333
333
796
796
796
943
329
796
938
795
915
551
333
333
552
329
795
944
586
333
329
15
1012
551
997
551
795
551
551
963
628
629
894
1012
628
388
605
938
628
586
938
963
551
938
747
747
674
747
795
963
388
388
15
628
629
1012
963
963
894
977
977
605
551
605
1012
551
388
963
388
628
551
388
963
603
388
605
603
938
605
915
15
938
938
388
938
977
938
628
551
977
586
1012
1012
977
1012
605
894
977
977
977
586
963
894
388
894
747
938
388
915
963
894
938
551
977
938
977
938
628
963
938
894
674
894
1012
551
915
605
605
963
628
1012
977
551
628
605
586
894
1012
628
551
747
1012
938
842
842
329
605
333
329
1012
842
329
329
795
938
628
938
605
628
551
329
938
1012
388
629
963
1012
329
482
915
388
605
605
586
388
938
938
894
1012
605
628
894
15
586
605
977
977
629
938
1012
1012
1012
1012
1012
1012
1012
551
1012
605
963
388
629
388
963
388
586
944
551
551
963
977
329
551
1012
551
938
796
329
333
795
796
842
795
842
747
586
795
586
795
795
747
842
747
938
977
747
894
551
552
1012
944
938
944
605
894
997
963
944
628
963
388
915
388
628
628
915
551
963
388
938
329
938
963
388
551
963
963
628
628
938
628
628
586
628
388
628
551
894
963
894
586
15
1012
980
894
977
15
388
894
603
629
605
1012
977
603
977
977
552
963
551
915
586
551
551
944
586
551
605
1012
977
586
1012
915
629
628
629
963
938
628
963
944
796
943
795
333
938
551
915
551
796
551
795
963
894
938
329
915
551
795
329
795
329
253
796
796
842
796
842
329
333
551
943
329
747
333
977
977
938
628
938
674
747
586
894
747
795
586
938
15
944
674
943
329
253
329
329
796
586
329
796
333
944
795
842
842
795
253
235
235
795
795
552
842
796
1012
795
842
842
795
796
333
795
235
333
674
333
842
329
796
796
796
551
796
796
796
586
943
333
915
1012
329
552
605
329
963
235
235
15
333
915
795
605
944
747
329
796
842
235
235
235
551
795
747
938
628
551
963
388
997
977
551
938
329
747
15
842
944
963
551
795
629
938
944
795
943
842
938
943
938
795
795
628
977
944
333
235
795
938
842
333
915
795
796
943
747
795
796
943
795
943
747
795
747
329
586
388
329
894
552
15
915
795
253
796
747
963
1012
586
938
915
938
747
938
938
1012
943
586
977
963
963
795
938
944
333
333
747
333
842
842
938
629
938
938
944
842
795
795
795
747
551
747
943
747
915
938
915
894
551
628
388
747
747
586
15
938
15
1012
15
915
552
329
388
388
388
586
915
15
388
1012
894
388
915
915
963
977
977
628
963
586
333
894
628
674
963
552
894
388
915
586
586
977
980
552
586
795
15
628
894
603
551
388
915
552
894
894
15
15
894
605
842
253
253
605
963
388
915
551
586
628
894
747
586
333
628
938
944
977
943
795
943
944
605
235
795
747
938
894
551
551
963
15
388
977
586
586
1012
586
552
915
963
388
894
894
938
551
629
938
963
329
894
15
894
388
977
15
552
980
963
551
977
586
388
603
1012
938
980
628
329
938
586
894
586
388
997
388
938
894
552
894
894
963
586
388
977
388
894
977
551
1012
944
997
388
977
1012
977
980
894
586
977
586
894
552
894
894
628
629
943
1012
963
628
894
586
586
329
943
605
235
253
333
603
796
842
329
938
795
329
333
938
1012
938
628
586
605
628
938
551
938
894
915
977
586
747
747
15
842
943
943
795
15
333
