539
319
319
272
473
539
430
335
628
335
458
539
58
273
272
153
319
295
58
273
539
92
623
523
272
92
542
532
153
210
473
58
58
623
523
539
523
272
153
532
532
247
58
273
58
58
319
325
532
542
153
295
430
210
628
58
58
58
127
539
628
523
319
532
539
335
127
153
210
58
319
356
532
539
539
623
141
458
319
335
462
473
127
295
623
210
532
523
623
247
539
92
443
325
523
319
319
295
542
628
430
523
623
58
272
542
325
443
430
542
443
539
273
335
443
532
430
127
473
92
210
628
430
319
335
127
127
443
458
319
153
443
542
542
542
542
542
523
443
141
141
141
273
127
539
273
272
539
443
325
127
461
153
532
443
153
539
473
523
539
623
153
628
319
623
141
558
539
473
462
542
319
127
461
523
462
319
532
443
532
443
272
319
473
58
335
430
473
628
272
153
539
58
462
628
462
210
462
295
325
272
628
539
153
273
539
532
319
153
210
542
153
127
539
539
127
473
319
58
153
335
58
532
247
461
532
272
473
272
141
558
523
539
539
272
295
92
141
153
127
539
325
273
247
462
539
247
92
273
272
623
623
558
458
272
272
335
58
92
356
127
295
462
92
272
532
628
247
153
295
92
272
273
273
462
272
628
539
58
462
462
462
335
210
141
532
628
295
153
462
628
628
443
92
295
542
532
58
273
272
92
92
443
335
319
462
335
92
523
532
319
319
319
532
443
273
443
295
319
92
443
92
443
92
325
473
542
458
295
458
462
141
319
532
335
462
462
542
272
272
141
443
443
319
532
325
462
319
127
141
92
92
272
272
523
356
335
532
473
272
458
523
628
92
628
272
532
272
272
272
628
335
473
462
523
141
210
532
623
539
319
272
92
127
628
473
539
523
473
127
430
92
319
141
335
153
295
532
539
356
628
92
623
273
273
319
628
141
430
127
539
430
523
141
141
141
141
272
628
153
335
539
542
443
92
473
153
58
542
430
335
443
443
443
92
542
539
539
542
141
539
539
443
461
319
623
153
462
58
335
430
319
523
92
210
58
532
458
92
473
461
462
523
319
92
623
141
473
272
542
628
443
473
335
273
473
92
58
153
461
153
153
542
335
542
462
462
462
153
462
273
462
623
319
295
92
58
462
272
473
319
210
628
532
628
273
92
273
141
272
272
462
272
623
127
141
141
462
539
539
539
462
523
628
430
430
273
335
443
153
532
532
532
623
628
141
92
141
539
319
542
542
335
532
473
539
623
539
443
141
273
542
539
623
356
325
153
558
141
319
523
335
153
539
628
532
443
273
461
141
356
153
273
462
335
153
628
92
443
542
532
127
542
153
153
462
210
539
92
430
461
325
523
523
462
458
356
628
623
272
273
272
628
92
539
539
523
92
523
319
539
92
539
295
335
127
92
473
443
153
335
127
623
623
532
319
210
628
532
273
127
272
473
272
