286
503
347
256
257
503
82
82
284
284
688
693
688
688
406
406
695
18
18
284
18
695
521
524
82
26
406
347
400
82
679
406
82
679
347
521
406
503
255
406
257
688
518
286
688
255
284
521
284
503
82
503
286
347
652
299
531
521
406
347
524
695
503
524
18
18
18
284
518
591
695
256
524
531
406
531
524
406
500
652
679
82
652
688
688
688
400
688
257
257
284
284
284
286
284
284
286
286
524
284
284
521
284
286
284
524
256
693
688
503
673
531
531
257
503
257
518
500
255
286
503
521
257
406
518
284
531
688
588
82
518
255
219
688
503
679
652
679
284
685
141
688
406
652
256
347
688
256
257
679
688
652
500
82
406
688
685
347
825
688
141
82
255
503
688
141
688
503
521
503
503
679
695
286
695
591
652
695
141
688
591
652
688
503
693
141
284
347
503
257
695
26
673
406
693
688
256
26
257
141
141
503
518
688
284
688
518
284
685
210
693
591
652
82
591
652
503
256
219
679
518
256
82
256
503
825
524
286
286
286
652
286
286
141
18
693
286
256
286
693
18
18
693
18
18
347
347
503
82
503
141
347
255
284
255
256
257
256
257
256
518
524
518
591
26
524
524
82
685
284
18
524
695
286
503
257
524
18
256
256
685
256
679
284
255
286
521
18
524
693
688
688
695
518
679
673
695
299
299
299
524
18
524
524
256
518
82
82
219
679
685
284
400
685
688
591
347
284
286
256
679
693
524
256
347
524
286
591
286
286
82
347
82
695
256
688
518
693
18
256
524
255
695
695
255
521
347
26
284
257
257
284
257
347
347
521
257
503
652
688
825
141
693
591
26
693
693
256
406
521
406
591
406
518
652
503
347
695
695
679
286
347
695
591
679
688
257
503
518
524
518
406
518
591
500
406
693
406
503
400
688
219
518
286
518
406
256
693
652
518
82
688
26
693
518
26
679
518
688
284
518
503
141
284
286
500
18
18
256
524
531
299
524
18
18
18
284
286
521
286
284
518
652
347
256
518
518
284
347
688
26
695
257
257
685
688
255
406
347
257
500
347
82
679
688
524
284
688
286
18
286
685
284
284
518
503
347
347
257
480
679
256
82
256
679
82
347
82
693
255
347
256
26
26
503
255
347
518
256
500
286
141
503
257
688
406
406
18
284
18
695
284
406
503
503
406
685
518
652
284
521
257
503
524
524
284
524
26
531
299
531
503
695
255
82
141
688
255
521
82
503
257
82
521
503
679
652
685
406
256
591
257
524
518
518
688
685
284
347
688
688
257
284
284
284
524
284
286
286
257
257
284
284
521
284
255
518
652
347
503
406
82
141
82
695
347
688
588
406
82
591
688
141
26
406
82
591
518
256
255
400
347
693
256
695
518
82
591
257
503
503
688
82
685
406
406
256
141
673
591
518
284
679
688
256
679
286
82
141
255
82
652
406
688
693
591
406
406
695
673
257
688
82
688
591
679
347
688
685
500
679
652
500
500
588
688
591
500
679
679
256
591
591
652
652
257
26
406
685
518
591
82
673
141
693
406
503
257
679
82
82
255
652
210
685
82
347
688
257
141
693
82
693
82
695
82
693
693
591
256
591
503
825
688
284
503
679
518
503
347
255
695
679
500
693
284
26
26
685
503
679
406
82
26
679
688
688
679
347
685
685
26
591
688
679
503
693
693
257
693
26
825
256
693
688
695
825
695
693
688
524
695
693
825
256
825
503
695
518
284
286
825
82
518
141
693
673
255
141
673
825
825
825
26
693
673
825
825
825
141
591
825
688
141
406
679
503
141
825
825
825
591
256
825
141
688
825
825
518
693
825
141
688
141
825
688
679
82
141
695
673
673
688
685
673
825
825
256
406
825
825
141
26
652
825
695
679
679
688
82
695
