193
590
415
711
439
162
774
788
216
193
216
543
364
415
590
590
364
154
364
364
585
415
415
415
590
364
415
162
788
415
590
590
415
415
714
415
774
590
415
526
705
415
415
788
415
415
590
788
415
788
590
788
590
788
526
162
641
714
701
711
415
216
585
701
705
415
162
774
145
415
364
415
421
145
415
193
352
701
774
216
774
714
145
585
590
705
421
193
705
364
364
543
788
216
216
415
774
162
162
415
705
415
415
590
415
364
543
543
786
526
364
585
145
537
788
788
786
154
415
415
774
705
216
421
590
786
189
714
189
526
189
543
189
786
645
439
439
641
645
526
701
154
352
705
145
641
154
786
145
585
774
701
585
154
705
526
193
645
189
145
352
162
543
415
645
526
189
352
169
788
364
193
701
169
169
714
788
364
439
445
189
352
439
585
714
585
189
641
189
786
439
189
193
364
364
701
585
439
154
543
439
364
788
189
705
585
585
701
774
543
526
193
701
543
352
216
145
364
701
714
145
216
439
439
216
585
543
714
701
439
216
701
352
645
216
774
701
701
526
154
714
585
714
585
774
154
585
786
526
145
701
543
526
189
189
256
439
439
774
585
537
145
774
788
189
439
439
169
287
287
439
439
701
169
193
641
169
439
537
352
352
189
439
439
705
439
287
352
352
439
543
585
543
537
701
145
774
439
162
714
701
701
145
256
645
711
645
145
701
543
774
705
786
585
526
189
189
543
352
786
788
439
193
145
701
189
352
645
352
774
526
543
216
145
711
714
705
439
701
537
537
216
439
287
145
145
526
641
641
590
216
352
256
526
590
189
421
537
585
439
585
439
526
364
590
162
585
537
590
590
193
145
705
641
701
543
788
352
154
641
216
774
193
705
585
701
421
537
169
590
590
352
774
287
786
145
543
701
352
162
543
526
543
543
193
705
162
421
590
701
421
585
543
421
415
701
415
543
543
189
421
189
145
352
145
352
439
786
701
439
189
439
189
439
439
711
421
641
439
543
439
590
439
705
445
445
445
445
714
421
705
439
154
364
543
786
641
189
439
439
711
714
774
714
162
439
788
189
415
216
145
714
189
352
585
786
169
189
537
714
162
189
421
701
786
439
189
189
645
705
701
162
162
788
645
585
352
645
439
439
537
439
364
526
641
701
189
543
774
786
786
788
189
714
788
543
216
537
189
526
714
537
439
774
641
526
145
352
705
287
543
145
705
788
537
774
537
705
788
537
590
585
543
705
439
705
714
189
537
439
590
364
526
543
701
189
585
364
590
145
543
701
701
705
705
415
189
788
526
714
788
701
193
193
705
714
788
585
537
590
421
189
537
189
585
526
543
537
641
590
189
162
714
590
590
415
421
585
537
415
701
590
774
189
421
537
193
543
415
421
705
641
786
788
537
590
590
701
189
352
590
705
421
154
189
189
352
788
714
788
415
774
774
645
543
145
543
145
216
641
641
216
154
193
645
189
352
543
364
585
714
169
439
705
714
439
705
590
701
145
701
216
543
145
645
189
287
590
543
701
256
714
585
189
537
189
701
439
439
701
585
189
774
216
439
543
439
189
641
439
788
189
537
543
189
705
705
705
169
711
701
526
216
216
705
189
415
590
590
641
711
193
543
714
701
543
145
645
352
445
439
526
705
786
701
445
189
439
714
364
705
714
352
714
526
193
701
145
169
352
585
714
364
714
216
537
537
193
537
543
714
701
256
705
786
645
169
216
585
537
585
714
714
788
701
216
193
526
216
705
714
705
162
774
590
421
774
162
774
162
788
786
145
786
786
786
701
788
189
543
705
352
590
162
526
714
415
786
788
421
526
193
364
421
705
415
774
415
543
590
364
216
415
786
364
193
162
169
585
421
705
774
364
145
193
774
641
590
526
774
705
421
788
