2
2
266
872
2
580
617
81
545
2
81
544
2
81
2
2
617
364
617
2
364
364
545
364
545
872
81
449
431
544
580
606
364
777
266
2
91
266
888
781
143
545
872
615
617
606
143
253
872
580
781
781
872
83
781
580
253
763
777
777
777
615
381
268
712
777
606
211
253
580
872
821
712
617
102
253
781
606
79
703
81
83
83
253
211
821
83
83
606
785
91
91
83
765
83
544
580
91
606
580
253
102
785
364
364
617
91
268
143
91
821
143
91
91
91
606
781
785
781
872
268
615
83
91
83
606
253
703
102
781
83
83
615
268
617
449
712
253
888
268
821
431
143
606
81
269
81
253
266
617
781
781
449
617
269
253
615
781
606
83
615
83
253
2
617
361
143
765
79
712
615
268
580
888
615
617
580
781
617
268
606
580
615
361
83
617
606
703
703
606
81
606
872
712
449
253
545
615
580
102
431
888
83
781
449
821
91
712
211
606
211
361
266
364
431
81
703
83
253
606
781
361
449
102
102
763
449
102
211
712
102
83
79
712
763
712
763
765
79
102
102
821
253
606
211
703
253
269
580
2
606
580
253
361
253
606
703
781
872
449
269
83
91
102
821
266
269
268
269
81
580
615
606
83
580
102
888
703
449
763
821
253
102
617
821
143
580
81
79
211
821
143
617
763
83
361
781
580
91
872
431
79
266
580
703
79
821
617
102
872
361
606
81
781
269
781
821
781
83
781
606
449
266
781
253
81
253
143
606
269
361
615
580
615
211
253
102
83
143
253
703
253
81
781
269
712
91
91
617
847
615
872
781
781
79
781
79
83
703
253
361
781
269
364
617
211
615
253
580
269
102
544
269
872
821
266
91
364
269
269
381
102
102
253
606
79
431
364
765
364
253
606
431
269
269
431
143
266
81
615
253
617
580
143
872
606
253
449
615
81
777
79
872
266
268
888
81
606
102
253
143
81
79
606
268
606
615
821
83
79
431
431
143
81
712
253
79
606
703
606
617
617
781
781
81
703
364
431
449
872
580
580
269
2
2
2
617
2
617
449
2
83
449
2
615
785
431
253
431
606
606
361
703
872
763
143
81
712
781
544
253
544
79
266
872
544
785
143
449
449
269
712
143
91
617
2
821
703
268
617
544
2
615
847
268
253
821
2
712
79
268
268
703
580
83
102
703
615
83
361
763
81
821
266
703
606
545
266
143
143
361
712
703
872
143
703
2
2
102
269
615
888
143
544
545
2
606
703
821
2
83
703
79
703
268
580
269
712
544
615
381
211
821
703
211
606
268
268
615
606
83
83
606
712
83
269
83
615
606
580
81
269
79
83
83
381
606
615
615
361
615
615
615
615
615
268
615
872
821
83
888
83
83
83
83
606
83
253
83
606
83
712
615
821
615
606
617
615
606
253
2
253
544
872
821
703
703
2
102
703
615
763
83
821
364
83
268
615
703
615
617
617
91
268
361
872
91
269
268
763
449
617
763
83
703
83
777
847
81
253
777
785
91
268
91
91
91
83
268
268
712
268
83
253
606
253
449
785
102
703
821
580
872
821
615
91
102
102
253
268
431
2
712
253
821
703
253
431
269
449
83
703
703
268
83
83
785
102
615
268
269
712
615
102
615
606
785
79
763
268
606
765
763
615
268
821
617
781
615
777
79
580
617
364
615
268
580
872
739
777
847
615
268
91
431
91
615
102
703
83
269
102
79
361
79
821
449
781
266
712
81
143
763
821
765
615
615
102
606
606
361
83
781
91
777
777
777
79
211
79
781
777
83
617
785
102
781
102
269
91
703
79
83
606
83
781
606
431
617
872
364
765
449
580
763
143
580
872
765
617
821
102
763
102
269
2
544
79
544
83
821
615
781
617
763
269
361
269
83
712
269
431
268
211
361
143
580
253
703
712
872
872
2
580
703
381
847
269
703
545
544
253
449
712
712
102
888
872
544
544
431
2
781
431
847
449
712
703
431
143
102
872
253
253
81
79
763
763
580
81
361
847
81
381
821
781
83
888
143
253
545
544
545
143
821
143
821
703
617
617
821
580
872
615
81
580
143
83
268
83
606
763
79
712
617
544
821
617
