510
575
587
4
587
513
323
890
587
579
586
931
513
586
890
586
510
931
525
624
510
577
890
781
323
4
510
577
890
211
624
513
624
575
510
577
525
587
586
513
587
375
4
639
510
869
525
587
525
781
586
375
624
781
781
510
524
575
587
524
781
524
579
211
358
4
513
586
375
584
624
624
358
639
510
587
586
579
579
524
323
579
4
586
639
890
890
587
513
4
323
513
323
639
358
890
650
669
650
869
650
788
510
4
781
781
424
639
788
788
513
323
639
890
869
323
650
577
323
869
182
323
577
358
869
182
577
586
586
890
781
323
525
579
513
624
781
4
587
584
524
586
525
587
587
586
788
587
525
781
639
586
424
211
854
323
358
182
4
577
587
323
323
587
510
510
577
577
577
510
510
510
323
579
182
650
182
650
182
182
211
182
781
323
639
669
586
4
587
4
890
584
4
513
577
587
639
584
510
323
182
869
788
323
650
788
182
323
323
4
211
586
513
358
358
586
4
584
510
869
869
510
4
513
890
513
513
323
323
323
869
869
854
358
669
375
788
781
869
323
4
586
510
931
323
182
781
211
323
525
586
4
890
375
584
586
584
577
890
510
513
639
587
586
524
510
624
587
781
513
624
4
575
513
584
525
587
513
781
586
624
510
323
323
510
587
323
478
639
624
854
586
584
650
513
781
182
323
323
513
182
781
781
639
510
513
890
650
323
584
182
323
510
788
211
931
182
358
319
387
639
211
323
358
4
788
387
375
182
375
478
182
579
854
375
375
478
854
788
624
584
513
525
584
513
525
624
358
525
890
510
577
323
788
890
375
579
358
586
579
579
624
211
4
513
584
4
579
525
931
781
584
586
587
375
375
510
4
586
4
358
4
586
4
586
579
387
525
387
579
525
579
579
579
586
375
579
890
358
579
584
4
587
478
931
579
524
890
788
579
358
358
781
579
586
584
579
639
587
781
4
890
584
424
639
182
182
323
650
639
788
586
650
323
510
323
650
869
323
788
869
478
478
4
586
669
323
586
781
890
854
669
584
586
478
788
182
869
788
669
584
869
788
182
869
182
513
586
513
478
669
4
931
890
575
586
854
478
854
639
211
788
510
579
788
323
323
510
586
424
869
182
375
586
584
854
323
854
513
854
579
182
182
579
788
4
579
781
586
510
513
586
513
510
890
323
513
358
4
587
931
211
525
524
525
931
4
586
358
584
358
323
323
639
358
513
788
579
579
584
624
524
669
211
854
584
587
323
669
788
524
788
587
575
424
513
579
358
586
584
577
669
510
513
375
577
586
4
669
586
513
478
587
584
575
513
577
577
579
577
586
579
639
584
510
586
587
931
577
781
513
4
781
424
510
579
375
525
586
931
513
525
358
4
525
639
358
4
586
788
931
890
854
579
586
182
586
182
577
781
781
525
358
624
513
323
510
586
513
587
323
323
513
587
788
323
781
931
639
890
358
4
587
639
788
323
579
931
650
650
513
424
323
669
639
4
323
211
323
650
869
650
586
358
788
323
639
890
669
890
624
579
577
513
323
323
513
624
182
869
513
323
323
323
639
323
650
510
869
650
323
650
869
211
584
211
579
854
890
478
701
182
931
788
650
323
575
869
669
639
182
513
510
513
4
586
510
513
890
639
358
358
586
781
788
424
587
624
587
587
931
577
587
586
587
4
639
639
587
513
4
742
513
375
4
781
639
781
358
323
323
579
587
587
854
513
587
586
587
510
639
584
579
781
586
323
854
524
323
323
639
788
854
513
525
323
513
781
513
323
781
4
869
854
650
182
869
788
586
358
182
586
358
854
788
323
587
513
586
525
890
931
890
584
513
669
854
584
890
624
579
624
586
513
587
586
586
575
781
323
869
525
788
869
869
854
650
788
869
854
358
478
323
182
182
788
869
788
323
869
869
854
323
869
854
854
323
424
639
510
577
323
323
854
869
579
182
854
525
869
375
478
869
854
323
854
854
650
869
579
323
788
788
579
788
869
788
788
4
182
587
510
890
890
586
931
4
579
584
890
579
890
587
577
584
669
577
781
854
4
587
510
586
513
510
513
586
587
781
854
788
781
781
424
639
575
510
323
587
211
510
424
575
575
669
323
510
639
586
4
931
510
513
375
575
586
587
584
587
639
510
854
584
890
513
584
182
577
510
182
182
577
510
587
890
577
510
323
510
781
513
513
577
525
890
323
587
587
890
579
525
510
513
