492
618
800
1041
800
513
618
945
228
801
1052
284
603
1149
163
1041
801
603
293
618
216
603
216
512
765
1149
216
760
228
603
801
512
108
216
1052
513
163
283
1149
1041
186
1148
589
216
1052
765
1164
1164
216
512
1149
162
216
283
1041
800
804
58
1041
228
283
944
216
945
946
512
946
283
512
216
237
162
945
283
237
1052
753
801
186
946
801
945
512
283
946
176
162
603
1041
760
283
942
945
1164
946
946
801
616
108
942
283
753
513
942
801
283
513
108
293
108
227
800
616
108
804
946
492
176
1149
186
176
800
603
216
492
946
228
228
108
945
227
216
618
228
618
1041
946
108
391
616
804
216
513
946
1041
801
108
512
945
216
801
108
216
946
1052
944
946
765
800
1149
513
162
163
946
1052
603
512
760
760
176
492
216
512
603
176
176
945
942
1164
804
162
227
293
801
1149
186
1149
946
512
283
513
589
801
216
1041
800
513
753
391
512
603
228
942
800
946
216
942
513
945
618
945
293
1052
765
944
216
1041
284
944
800
512
228
227
283
237
513
227
228
1052
765
944
293
512
1148
944
945
237
512
760
237
228
58
801
944
945
942
944
1052
512
228
589
512
186
186
1164
228
216
753
945
942
176
944
942
801
801
944
227
945
945
228
512
293
228
589
237
512
513
283
942
228
176
283
283
284
283
801
58
1149
293
1148
616
284
293
1148
603
176
293
603
108
945
589
765
176
760
946
284
603
293
765
1041
283
283
1149
760
1041
1149
283
946
1041
1149
1149
1149
1164
58
391
1041
1041
283
946
765
760
162
946
1149
391
603
603
228
1149
293
1148
228
513
1052
1041
946
293
176
512
765
753
801
603
391
1148
1149
801
162
237
1148
1148
946
283
1164
1164
1041
1148
942
1149
589
293
946
1148
391
283
942
228
1041
513
380
1148
216
945
1149
760
176
946
1148
1041
1148
391
228
227
1041
1041
589
944
942
227
1148
513
284
513
512
800
391
800
1148
1041
946
512
765
1041
1052
228
512
603
801
946
58
1148
391
1149
1148
293
176
108
946
603
765
176
293
1149
1148
603
227
589
801
512
760
801
176
58
589
1149
228
942
1149
1149
512
765
237
946
512
945
293
237
801
512
58
283
946
513
942
186
760
945
589
227
237
1052
512
228
58
603
589
603
283
942
942
216
228
512
162
616
512
1041
216
227
1041
492
492
513
176
618
492
1052
492
1041
801
804
760
801
946
58
800
618
589
944
589
512
512
513
228
603
228
283
283
801
228
228
228
942
801
603
800
176
603
227
945
283
162
800
512
942
618
492
801
618
492
492
1041
283
176
492
216
603
616
618
945
801
283
801
237
176
753
492
944
945
237
753
1149
618
216
801
589
800
237
618
618
618
618
616
618
618
616
616
283
942
228
176
618
946
216
945
512
283
589
589
176
216
283
800
589
942
283
589
58
216
801
944
186
603
512
801
800
801
176
616
283
1041
228
512
228
618
616
108
618
942
618
492
513
186
618
227
228
618
603
616
162
589
512
800
512
237
616
186
512
108
228
804
800
216
589
603
760
760
216
603
391
1164
283
603
108
283
616
58
228
512
492
618
512
942
801
942
492
801
108
618
944
801
58
58
216
283
58
283
228
942
589
58
512
293
1041
512
946
801
216
512
108
801
944
616
513
283
944
108
800
216
283
942
760
800
176
603
944
753
800
283
228
1041
513
1148
801
1052
1164
512
1149
945
293
1052
589
228
293
216
58
946
283
293
176
512
1041
944
162
804
216
293
765
1148
589
801
228
945
283
801
237
293
801
944
1148
589
945
753
760
1149
603
942
946
946
760
186
293
1149
293
765
58
216
946
216
108
512
603
1041
589
216
512
227
589
753
228
513
512
946
512
942
283
945
58
942
942
942
1164
512
1041
108
801
58
618
618
800
801
513
513
804
108
589
512
618
293
946
589
228
760
1041
228
603
801
1041
176
1041
1041
283
283
227
944
801
228
589
942
800
227
800
589
227
512
512
163
760
945
108
801
942
216
162
800
800
391
1052
1052
945
800
946
942
216
283
801
618
1164
801
801
283
228
946
216
946
228
603
804
942
589
589
946
162
944
513
283
162
946
603
946
1041
492
391
603
216
945
618
284
618
391
944
512
804
618
946
946
946
283
513
228
942
603
237
942
944
513
283
801
176
176
58
589
603
513
237
512
1149
942
800
228
618
618
800
800
513
512
513
216
942
942
942
176
227
237
589
216
492
616
946
618
512
942
228
944
945
946
228
616
293
945
108
946
945
800
942
512
942
946
176
216
1052
216
946
945
228
618
512
801
1041
942
176
945
1041
513
227
283
603
1052
946
513
513
492
618
589
618
616
800
1041
801
176
228
108
765
800
942
800
589
284
283
945
176
945
801
228
945
946
228
1041
512
942
603
801
800
186
946
237
227
800
603
618
618
228
946
800
801
512
1041
186
589
589
944
946
618
945
589
945
589
216
1041
945
1041
800
944
760
228
801
944
944
186
237
603
1052
1052
800
283
237
186
945
760
589
603
1149
228
753
1041
589
176
162
512
391
391
391
512
946
945
945
1041
1052
216
283
589
513
589
942
227
162
227
293
283
753
942
512
942
283
603
589
942
216
284
616
944
942
942
237
293
293
176
228
228
228
942
942
616
942
942
753
801
283
618
946
945
942
946
512
284
227
216
603
228
618
942
216
801
216
228
616
800
162
589
176
944
945
945
801
283
284
1148
1148
1149
1041
589
237
1148
945
162
58
945
945
513
176
944
753
1164
1164
603
1041
801
283
589
162
513
946
176
512
753
108
