1158
708
611
11
38
1176
782
538
1158
822
11
644
708
708
538
184
284
755
644
11
755
708
453
539
631
708
443
631
708
644
11
11
541
80
708
611
631
38
708
708
782
708
1141
539
82
284
80
755
708
708
80
1276
1276
541
1158
80
1208
708
443
80
644
80
80
644
708
1289
644
755
1289
1289
1289
708
755
644
1284
708
1289
1287
708
80
822
82
1158
755
82
82
708
708
539
1011
1284
1158
184
782
11
539
538
38
544
38
552
552
544
552
544
544
1141
1141
1141
1276
552
540
541
479
540
1141
552
479
544
544
479
541
544
544
552
544
479
544
1278
479
544
540
1158
544
544
544
544
544
1278
479
552
544
544
1208
544
1278
1289
552
540
538
541
541
544
552
552
1208
1276
540
544
544
552
1208
1208
1208
552
540
540
1276
1276
544
544
544
453
1208
539
539
1142
1141
1142
1141
1158
611
38
184
11
1158
1011
813
544
1141
544
1141
540
540
1208
1276
38
1284
813
1287
1289
539
1289
544
544
11
544
541
1208
1208
544
544
1011
1289
1287
443
538
539
1011
1208
615
1158
1284
822
1278
82
631
80
11
453
1142
82
631
82
82
539
443
1141
1208
538
1142
1208
1158
1158
615
611
82
552
80
615
80
538
1141
1289
552
538
11
1287
11
1208
11
540
1287
82
284
38
782
453
611
782
80
708
1141
82
1208
479
544
540
544
82
11
11
539
284
82
539
538
538
80
755
284
1208
782
813
1208
1276
1158
540
184
1284
1011
615
782
1278
615
11
538
1289
615
544
541
782
1278
755
1289
631
1158
539
1287
284
80
80
1287
538
1011
1284
479
284
544
1287
544
782
544
1141
544
544
1208
538
82
782
544
611
611
1284
539
1276
538
1141
539
1278
184
1284
755
1289
755
80
11
539
755
1176
1278
1142
539
82
11
1142
82
1141
82
1141
538
782
631
1141
11
615
80
782
1284
1289
1141
1284
782
80
538
540
539
538
782
782
1208
1011
544
1011
544
1141
540
1141
1142
782
1142
782
284
544
453
82
539
1287
1208
631
631
1011
539
611
782
80
1289
611
82
538
539
1284
1011
644
1158
822
822
1284
1284
1208
38
538
782
708
80
615
1284
822
539
822
1208
539
443
782
540
540
1158
782
1142
611
822
1289
453
1158
1142
453
11
1208
1208
1208
552
552
544
552
540
541
541
1011
479
544
479
540
479
479
479
479
479
479
479
544
479
479
479
479
479
479
479
479
479
479
479
479
479
479
479
479
479
479
479
479
479
479
479
479
479
479
479
479
479
479
479
479
479
479
544
552
541
1276
541
552
708
1158
80
1158
1208
540
1158
755
82
615
822
11
538
822
453
631
1142
538
539
540
541
540
552
544
540
552
1278
1208
540
540
552
552
1208
1284
544
544
540
541
935
1287
1011
538
184
544
552
540
540
540
1208
1276
1276
11
284
1208
82
1176
540
1276
1208
1208
552
540
540
540
544
1208
552
540
544
1278
544
540
541
1208
1208
538
1158
1208
453
1011
708
782
538
1141
1208
1142
822
782
782
82
611
1158
615
615
615
284
38
11
539
82
1176
708
1142
80
615
755
539
539
1208
822
631
782
1141
541
1208
822
1141
1278
540
80
708
80
755
644
782
1276
708
813
1284
538
82
1142
1289
644
611
782
443
782
631
1011
80
80
453
539
538
708
1208
1141
540
1276
1278
1278
813
1158
1208
1141
443
615
82
755
1142
80
1141
708
284
38
453
1289
631
82
1141
611
539
539
80
80
80
611
539
631
755
611
38
708
1289
1141
80
708
755
1141
284
708
443
615
611
615
1141
1158
1176
822
1208
11
82
11
1141
1284
1208
1011
708
443
1284
538
782
1142
1289
453
615
813
539
1284
1011
80
611
755
1141
80
80
539
631
1176
813
755
80
539
755
11
38
11
453
755
541
11
782
80
453
1278
611
80
453
80
708
82
1141
708
80
82
443
755
38
538
1289
782
1284
784
611
1142
539
782
822
82
539
80
1289
453
541
782
538
631
1289
539
708
708
708
80
1284
1011
615
453
708
615
708
1289
813
1142
708
11
708
1176
539
755
708
822
1208
1176
538
611
538
80
80
80
755
11
782
1142
708
1011
82
1142
38
80
443
1141
822
80
1176
80
708
708
539
443
284
813
708
1019
1176
453
1278
1011
1141
1276
541
539
1208
1276
1158
11
1289
782
782
539
615
1208
1208
1141
1276
755
631
453
539
1158
1289
1141
1141
1142
631
80
1287
782
1289
1158
755
80
615
1284
82
1011
184
540
631
1158
611
38
1287
1158
538
1176
453
1158
1158
1287
822
184
453
1276
1208
1158
708
82
443
782
540
631
1158
82
1278
539
82
631
1284
82
539
611
38
782
935
82
538
539
38
284
284
1176
611
615
38
1011
1208
1176
453
611
540
539
615
11
782
184
1208
538
1287
11
1142
1208
1141
544
538
1141
1284
1208
453
540
1158
1208
538
284
538
82
782
782
82
540
82
631
284
38
538
479
544
544
184
1276
479
541
479
541
541
479
541
541
479
479
782
82
479
782
1287
615
782
1142
184
1142
1011
1208
284
1141
539
184
1011
1287
1019
539
184
1278
443
284
1284
611
782
538
1284
1287
479
1287
1284
538
82
1208
453
611
822
1287
82
1208
1208
1208
544
1208
544
544
1208
1158
615
615
552
1287
552
935
1278
552
1276
822
479
541
539
782
539
82
539
1011
544
782
1208
615
615
284
1142
1284
822
1287
1158
541
1208
615
544
631
82
11
1287
552
80
539
1141
539
80
82
443
782
782
1142
611
822
539
1287
539
82
184
1284
1158
1208
1176
1278
782
38
1289
538
1208
1011
541
82
540
544
1289
755
541
1284
782
552
552
552
539
82
708
1208
822
1141
1208
539
453
82
1289
611
1141
1142
935
1011
82
1141
1289
1141
1141
453
1158
1289
631
631
541
1158
1208
1158
1141
1276
1158
443
1011
755
1141
1287
38
443
1289
822
631
782
1141
708
1158
1176
82
1284
1284
615
782
1176
1208
538
538
539
1176
538
1208
1208
1208
539
708
82
708
1141
539
1142
1284
631
1289
1289
1287
1289
82
1208
755
1208
1287
539
1011
1141
615
539
544
538
1276
1276
1276
538
631
631
552
1141
538
1287
1208
38
1208
552
544
1208
552
544
552
552
552
1208
1208
822
541
1276
1276
544
544
544
544
1141
1141
544
541
1208
782
1284
541
708
1289
80
544
82
80
1141
1276
552
1176
80
538
1289
538
1011
443
11
615
540
1141
1276
1208
1278
1278
541
1284
822
1284
1284
1287
615
1287
782
1289
539
539
544
80
755
1208
541
80
782
1289
538
552
552
631
1011
1208
1142
822
11
631
1287
539
539
11
1141
539
552
611
631
1141
541
80
538
611
1284
631
82
755
