1000
662
722
399
1069
880
1173
101
351
412
1173
399
1000
623
101
147
101
412
880
820
722
816
816
1173
147
495
705
101
147
623
147
675
875
1025
399
147
662
295
816
1173
623
1000
1025
495
875
46
706
293
1000
675
399
880
399
623
574
574
304
304
574
574
574
304
64
64
304
64
351
722
875
722
351
147
351
655
1173
816
623
399
1173
399
295
1173
655
820
399
675
147
820
46
147
1024
399
816
821
293
304
46
821
705
820
101
1024
64
293
101
101
101
293
294
399
1024
880
294
495
875
399
46
399
351
399
722
706
875
722
827
565
412
1000
293
351
1173
722
662
675
623
722
495
101
875
412
304
875
304
295
147
293
147
147
147
655
820
495
820
880
1173
101
295
147
147
1024
816
147
147
101
722
1024
1025
147
412
655
821
147
101
623
623
655
147
875
816
351
1069
820
722
351
147
101
147
101
293
722
101
293
304
675
875
820
147
623
147
820
1024
662
399
1024
820
675
304
46
722
880
46
399
495
1000
46
816
46
722
623
875
655
1173
574
351
412
875
46
46
1173
1069
46
234
234
234
827
351
399
234
827
234
574
880
234
827
234
412
147
412
234
147
293
295
722
623
875
565
675
662
295
1000
706
304
495
294
880
304
880
675
662
880
722
675
880
399
880
399
705
875
101
662
46
880
399
147
875
655
293
821
623
1173
412
1173
293
294
295
565
722
623
412
300
1069
1024
875
304
706
304
655
875
46
820
46
880
880
880
1000
351
722
623
820
880
1000
875
295
1173
880
412
147
399
565
565
574
880
880
821
46
1173
294
1173
623
295
234
875
826
880
1069
46
565
875
295
147
351
655
722
1000
820
875
46
875
623
147
399
623
495
351
495
1000
147
1173
1024
662
662
875
875
147
623
304
655
875
623
722
46
412
820
1025
293
147
101
412
722
1173
304
821
1000
820
304
655
294
295
399
880
880
1024
399
880
880
565
1069
304
1173
820
880
412
399
1173
1024
399
495
412
399
412
1173
820
821
234
827
827
827
234
234
304
574
234
1025
655
662
722
820
821
295
1069
495
820
412
399
399
304
875
662
722
46
46
880
412
1069
304
662
722
722
565
304
304
1069
875
565
1024
46
722
565
565
722
722
875
1000
722
880
295
101
101
1000
875
495
304
399
495
399
486
1000
722
722
816
875
399
875
1000
495
1000
147
1025
495
1173
816
675
399
495
662
495
295
820
1173
1000
399
399
295
1025
623
623
101
706
662
816
293
1069
820
820
351
820
304
722
495
875
1024
295
875
1173
399
875
662
1024
623
147
495
820
1024
880
295
875
1069
820
304
46
304
722
304
722
722
46
722
722
565
304
561
574
574
574
565
304
565
565
722
722
565
574
574
574
574
574
574
574
304
565
574
875
574
574
574
565
565
565
574
565
565
722
574
722
875
565
565
46
46
295
722
565
722
875
623
295
623
623
623
101
399
875
816
820
1025
46
1173
662
820
662
495
351
623
101
147
623
820
662
1069
1173
295
1173
820
46
294
1069
399
147
875
655
705
1173
351
705
495
1024
147
351
816
399
295
293
46
705
655
662
304
399
351
1173
875
662
722
875
1173
875
1000
1173
412
662
295
706
295
655
675
955
623
706
816
821
46
399
147
101
623
623
399
722
875
722
722
399
1000
412
662
821
1000
399
46
706
147
295
875
1000
705
706
655
351
655
495
101
820
623
101
1024
820
1024
351
1000
722
412
722
1000
662
1024
816
1024
816
880
101
880
816
399
1024
1069
875
820
1024
875
816
722
399
655
1025
820
623
662
662
495
623
412
875
623
816
675
820
399
294
875
295
623
1000
1000
623
147
623
147
1173
147
495
1000
1024
295
675
294
662
294
1024
1025
399
351
412
399
675
875
1000
675
875
875
875
722
46
1000
101
147
880
820
820
147
46
147
623
1000
820
662
816
623
101
816
399
623
294
1025
623
1024
816
293
655
1024
820
821
351
293
827
826
826
827
706
1000
412
234
574
234
234
101
655
875
705
412
880
495
304
875
623
295
623
880
295
574
46
295
399
565
722
623
1000
722
46
875
875
293
147
295
304
351
412
880
351
705
662
295
412
1173
662
875
706
399
662
147
880
1173
880
880
816
101
1025
101
1025
705
1024
675
820
304
304
1024
1000
1000
495
351
1069
147
101
101
101
875
880
662
820
1000
662
351
655
875
1173
46
722
46
1024
1024
147
147
295
295
64
495
722
875
304
1069
875
293
880
816
1000
399
234
304
399
46
1173
722
295
295
147
675
495
662
880
875
399
1000
880
875
293
955
875
875
722
495
1069
565
565
565
964
820
234
1024
875
1069
827
827
662
147
880
722
351
147
820
1025
574
875
875
101
722
722
1173
1000
574
1025
46
1069
295
574
294
574
304
399
46
880
1000
351
1025
1024
399
820
1025
412
399
399
295
706
294
495
816
655
399
399
655
1025
816
675
46
623
1024
1025
101
675
1173
662
351
875
623
1024
304
875
101
706
816
147
399
304
706
875
295
46
820
1173
875
101
1173
820
1173
880
1025
706
875
1069
623
147
495
1024
820
351
293
147
295
399
399
1069
1173
101
875
101
101
722
295
623
295
304
623
147
623
412
706
880
1024
495
399
64
295
875
412
495
1024
1173
295
412
875
722
875
722
722
875
1173
1025
101
147
495
147
816
662
821
655
816
399
1025
820
816
495
101
295
816
293
880
147
101
147
101
147
101
675
662
1069
655
293
147
147
147
655
880
495
655
623
147
147
101
1025
147
875
101
1173
1025
1025
294
1025
816
101
1000
1025
1025
147
101
1173
495
1024
1024
412
820
816
816
399
147
1173
399
399
1173
412
495
101
1000
