61
313
200
148
276
121
7
232
7
232
232
232
305
232
55
276
232
163
55
232
21
276
163
263
144
305
163
276
48
232
144
32
263
121
305
200
121
148
55
258
173
200
173
163
263
305
7
48
276
200
263
263
163
313
55
173
305
305
7
313
61
55
200
163
200
200
263
48
163
232
232
200
148
232
148
263
200
305
305
258
61
276
200
55
305
144
200
200
121
148
148
7
263
197
313
232
163
258
163
263
276
276
148
200
32
144
263
197
200
48
121
121
173
163
148
163
305
232
232
121
121
163
276
313
163
55
144
200
258
263
163
55
121
200
200
121
173
163
121
163
276
121
232
144
197
148
148
148
200
276
7
258
305
173
232
263
232
305
197
276
121
305
163
32
121
121
121
148
232
197
258
263
173
232
163
173
232
55
200
163
197
200
200
200
148
144
275
232
305
173
32
173
197
232
173
197
197
144
305
200
263
263
173
258
313
305
144
163
144
148
258
258
232
148
197
200
163
163
144
144
121
232
121
144
163
144
144
276
258
197
163
232
305
232
258
61
232
55
232
163
232
121
121
55
200
305
197
144
305
163
263
263
200
163
144
48
232
258
305
263
173
7
263
148
276
121
276
276
276
121
121
163
276
163
275
276
144
163
232
200
276
55
163
163
258
148
276
144
305
305
200
197
232
258
121
148
276
232
55
121
305
200
148
173
305
55
305
173
305
305
61
305
313
313
7
232
197
