589
666
693
34
21
921
21
8
589
49
861
1002
792
594
78
861
963
594
413
589
21
594
1002
921
1000
34
594
536
34
34
921
66
387
34
921
36
536
380
588
590
380
594
57
1000
792
536
1000
413
49
34
921
380
921
805
590
78
57
387
966
997
693
666
34
1000
1000
66
966
1002
921
588
589
380
1002
590
1029
966
693
78
536
666
666
1000
594
1029
630
536
589
694
666
429
380
666
536
590
693
861
1000
413
144
861
1002
536
536
536
588
144
8
588
966
49
49
694
997
413
588
666
1002
963
57
380
861
387
78
966
1002
588
536
429
57
997
805
8
588
78
8
36
693
57
666
1029
588
1002
49
144
36
693
805
144
693
594
1029
49
588
805
666
536
1029
588
588
1002
805
805
256
8
963
536
429
36
78
144
78
861
387
387
694
144
57
693
693
57
34
49
57
144
78
805
792
629
34
387
49
144
429
764
429
792
997
997
629
200
1002
805
1029
629
666
792
997
805
8
997
8
8
8
805
8
8
78
8
66
8
805
8
536
429
590
997
49
997
1002
963
1029
1002
8
588
49
963
536
590
590
764
36
694
36
966
966
413
509
693
144
36
348
78
413
380
1002
256
590
997
997
590
256
1029
348
805
256
1029
1029
629
963
594
963
588
387
348
588
509
588
78
1002
594
57
256
348
256
666
413
256
966
348
966
256
256
49
694
536
963
694
666
348
348
963
78
256
348
509
34
509
966
509
966
509
509
509
387
380
509
348
256
509
8
21
588
997
588
49
78
588
588
49
805
588
805
1002
963
348
588
588
963
921
49
8
509
21
348
21
36
536
348
861
509
256
666
594
536
380
256
792
589
630
256
380
966
966
805
509
1002
805
21
413
1000
371
34
256
1002
34
694
666
380
963
380
589
256
693
963
963
21
387
693
256
256
429
588
590
693
429
144
34
966
387
509
78
594
429
536
387
594
1002
966
387
1002
380
78
413
764
78
78
963
49
589
144
630
630
413
921
536
1002
694
429
429
963
694
963
509
49
256
413
966
8
49
380
590
8
536
590
588
588
590
78
588
256
380
589
348
590
348
21
805
666
57
1000
1000
693
1002
588
387
921
49
78
380
1002
693
694
387
594
764
429
413
348
509
966
34
348
509
589
509
486
594
590
413
34
630
78
693
588
590
380
144
57
36
630
49
49
21
49
36
1002
588
966
509
536
966
1002
963
666
49
413
34
1002
589
536
34
8
1002
256
8
144
144
963
429
997
387
49
8
1002
963
536
588
1002
1002
1029
57
8
429
8
1029
8
792
8
805
805
805
588
997
8
966
1002
590
1002
78
1029
963
963
594
49
49
49
8
805
78
144
997
588
1029
666
78
380
8
805
8
966
8
8
963
8
805
693
66
588
589
590
380
764
34
594
594
805
34
371
666
1002
1002
589
805
387
8
805
589
429
8
966
8
34
792
963
380
34
34
8
8
588
921
805
966
630
594
693
693
694
629
630
963
594
966
921
34
34
8
594
594
997
536
1002
8
34
963
429
1029
963
536
34
1029
380
34
963
666
36
963
49
1000
429
1029
34
429
666
666
666
536
590
49
963
630
588
805
429
34
413
1000
963
588
21
966
594
666
1029
387
66
588
666
666
49
1002
256
693
694
413
588
380
666
963
413
966
694
8
34
144
1029
805
829
921
387
963
49
1029
34
78
861
380
8
921
413
1029
963
1029
1000
49
963
966
1002
413
921
413
371
536
1029
536
590
588
666
594
921
861
413
921
429
666
36
997
792
589
348
536
1002
34
57
1002
36
966
78
34
963
34
963
594
764
34
594
666
588
78
588
966
1029
49
144
8
78
536
666
8
590
963
8
36
36
1029
8
997
805
49
963
49
792
694
34
8
963
921
78
380
34
963
589
8
536
805
963
805
829
536
78
589
666
8
34
144
49
66
66
49
429
805
1002
921
8
536
78
629
8
829
21
34
380
8
413
1029
630
536
693
57
588
49
997
8
8
588
589
49
49
78
144
8
805
921
997
805
8
997
590
1002
49
861
8
805
34
805
805
429
34
966
963
1029
8
805
49
8
8
805
588
997
8
805
1002
693
963
589
966
594
1002
36
34
49
429
536
666
49
1029
963
1002
1002
536
589
34
921
594
78
693
380
536
34
1000
588
536
1002
1029
57
34
1000
429
594
588
921
49
144
589
21
57
805
144
34
1002
49
594
8
1002
1002
764
78
413
861
861
629
1029
666
693
36
694
1029
536
21
8
34
1002
963
588
589
49
588
764
34
387
1029
57
963
387
590
966
966
509
966
509
536
805
34
590
1002
594
1002
429
256
590
57
694
588
348
588
49
963
588
8
666
963
34
997
49
8
997
997
805
589
1000
78
1002
590
34
805
666
57
921
1000
380
805
594
1002
34
34
78
49
589
594
66
429
590
805
1000
963
144
57
536
1029
49
861
792
1029
589
49
966
589
1029
36
1000
429
536
921
921
34
1000
966
921
536
589
921
78
1002
49
1002
8
966
693
536
666
1029
966
509
764
536
256
36
594
57
21
966
589
536
694
