710
86
86
43
299
43
1948
738
43
1080
1998
386
386
390
530
43
43
635
86
331
386
951
43
745
299
86
951
639
1998
43
1948
149
750
951
1080
2077
1080
951
43
2033
484
529
43
1239
530
639
43
1998
530
530
521
449
299
386
43
2033
331
43
43
43
43
43
43
1080
43
86
386
86
386
1080
530
86
43
386
516
1080
701
331
530
1080
1080
1080
521
1759
299
86
1948
529
529
43
299
1239
115
529
1080
86
390
521
1239
299
639
1650
386
530
2033
521
449
530
390
43
2033
521
725
147
115
2077
530
725
1080
725
299
639
1880
521
933
529
449
1759
725
796
484
745
331
1080
750
626
484
725
2033
951
725
115
529
299
1759
484
147
725
149
639
1969
738
386
618
115
449
618
623
449
331
449
521
745
750
1998
1969
449
521
750
1628
1080
1826
1880
1880
1160
115
390
1759
1880
115
1880
1281
1295
1759
2096
1295
2096
1295
2096
1759
1295
1281
1295
2096
1295
710
2096
2096
1759
1281
1295
2096
1295
710
2096
2096
1759
299
331
796
1281
796
1650
299
1628
299
1650
147
1998
299
1880
1759
1759
2033
623
750
1826
390
386
639
1880
299
1759
1880
529
1969
147
1239
390
449
750
449
1826
1998
1948
745
1948
115
623
1880
1880
386
1880
1969
449
750
299
1628
115
115
115
618
725
639
623
933
1080
1160
1080
115
1826
299
86
1650
529
738
738
331
618
1998
618
530
796
639
1948
449
1880
147
1880
1160
639
1998
1160
2033
745
299
639
750
299
725
1998
530
115
516
796
1160
750
1080
484
1998
299
299
725
1826
521
1759
1759
1342
1650
449
1650
933
386
115
1080
933
738
623
1880
725
331
725
484
725
521
147
2077
1998
484
639
1080
1948
750
1826
725
796
1998
449
529
1628
1080
623
1650
725
1826
1880
115
2033
530
86
299
1342
796
1826
618
1826
2033
1998
2033
390
1080
796
1628
1080
521
639
530
1880
2033
115
390
745
386
623
933
386
623
115
115
390
1160
390
1998
86
1998
390
1160
530
386
750
390
1650
1969
1628
738
750
449
529
484
449
1998
115
449
115
623
386
745
530
115
1628
147
725
1998
750
1342
738
147
725
1969
1628
639
1342
1650
745
147
1826
1342
623
2077
623
750
1342
725
796
449
750
86
738
449
738
639
1628
529
738
796
529
521
115
1650
331
521
484
390
1080
1759
1880
1650
725
701
1342
449
390
386
390
1826
449
752
639
1880
745
43
331
529
484
1826
618
521
299
115
1239
1163
1080
1998
484
484
1626
1880
521
725
639
951
1880
750
2096
1160
1080
1650
1826
390
1626
299
796
1080
115
701
516
1342
745
521
1080
521
752
745
521
115
750
796
528
529
530
745
43
1650
299
331
529
386
623
299
540
750
1998
752
86
1650
1014
745
1998
449
618
386
618
331
521
951
1880
639
1948
390
484
86
796
299
752
1628
1759
750
1342
639
1080
86
738
521
449
1080
701
484
2033
1342
530
1650
1650
484
1014
752
484
1998
725
1628
1628
725
951
1969
149
1628
725
1880
752
86
725
750
1628
386
635
725
2033
390
390
639
1628
529
725
626
115
623
1650
43
618
1628
623
745
147
623
521
745
626
115
639
390
115
796
1998
1239
521
635
1160
623
386
639
1650
521
725
386
521
449
386
750
449
1650
1826
1160
1163
149
1826
635
1628
1650
386
1650
750
1080
725
449
626
623
390
1342
745
449
115
1080
1948
529
115
331
1163
1163
750
639
796
618
2077
149
147
386
1160
1239
115
626
725
1826
1295
752
115
1998
516
752
390
1650
738
701
639
331
530
1281
1969
707
796
1998
710
1281
1281
1080
725
331
1014
529
115
752
725
639
639
745
701
725
796
1880
745
331
449
484
626
1080
1948
1650
745
149
738
2077
1998
1880
521
1628
1998
745
796
1998
1998
639
750
750
752
618
1759
331
623
626
1080
1160
386
1628
449
1969
623
639
796
299
299
386
530
1650
1650
1281
1281
1295
299
710
1342
1998
745
1080
529
752
2096
796
745
750
449
299
1342
623
1948
745
529
1880
796
623
86
750
1163
1650
1281
1650
745
530
707
796
1998
521
618
115
1650
1650
725
1650
710
1628
1160
1160
521
639
752
1626
521
796
115
147
1342
530
299
449
1948
449
710
449
618
1295
1163
750
1626
1998
707
1948
530
1163
710
707
390
1759
707
707
1281
1650
529
1969
710
1295
707
707
623
1080
796
1880
623
623
1626
1628
1239
623
933
933
1998
710
707
521
1650
710
1880
1295
745
1160
115
1628
147
299
1998
484
796
521
530
1998
623
1080
1998
796
639
529
299
745
1650
1948
1281
1880
147
725
618
1880
521
1650
750
796
516
516
516
1295
710
933
1295
1650
1628
299
530
299
530
299
115
738
1998
1759
623
1342
951
933
623
1628
745
1626
86
299
529
115
623
1759
2033
725
1626
725
521
1759
390
951
725
750
796
1628
449
796
529
299
1650
1160
1080
1998
1551
530
449
725
623
707
299
623
639
1880
725
725
484
626
1826
115
750
752
530
115
1628
331
449
521
710
1281
707
1163
1295
2096
996
996
996
1998
707
1281
1160
530
639
725
639
639
1650
796
1998
1759
449
1160
623
147
1014
1342
2077
725
1239
1239
1998
530
796
639
115
521
1998
725
390
386
623
1628
521
639
1239
386
1998
1628
449
449
1826
390
449
449
1826
933
752
1969
390
1826
1998
1080
530
115
745
115
639
86
933
299
1880
484
449
521
390
1650
1163
115
1998
1628
1239
1880
390
516
701
530
626
86
521
449
1080
618
1160
750
299
386
725
1998
2033
1626
1998
639
752
1626
1628
1826
752
1160
86
951
449
1998
1759
1160
115
1948
933
2096
710
796
390
1080
1160
1160
796
1160
1080
1628
299
796
115
1880
725
752
521
530
1880
1628
1080
796
1626
745
331
710
1281
710
1295
530
449
1826
115
639
1998
796
86
752
1826
996
86
933
1948
745
147
530
639
933
299
115
745
1998
1160
1826
1239
1163
1160
750
1650
639
750
299
149
1626
1826
1628
449
2096
745
529
618
115
796
1281
796
1281
1628
115
449
516
745
147
1969
1759
796
1759
996
618
1948
115
1626
1650
331
618
1650
618
1342
623
1880
390
639
521
521
725
1626
390
1163
1080
796
1759
796
1759
1160
484
745
1998
639
1948
147
639
750
1948
1650
1628
1239
639
521
331
623
390
1826
1239
1628
738
529
1948
796
1998
623
1628
147
752
1628
725
521
738
390
1160
626
725
390
299
390
115
115
449
623
745
1160
1826
1160
639
115
115
710
710
710
1160
516
147
1295
1160
390
1281
1281
1281
1160
1160
1281
1295
1281
1281
1281
710
710
1281
1160
1295
1281
1281
390
390
1160
1160
1281
1160
1160
1160
1160
639
1628
639
1160
390
1160
752
1628
1628
752
639
1628
390
386
390
1160
390
386
390
390
386
1998
529
701
1948
725
449
386
796
386
386
725
1163
796
449
1342
639
639
623
390
1628
1239
521
752
386
386
449
331
725
449
1626
1014
390
639
1650
639
386
331
1239
623
1628
1080
1239
2033
43
386
86
386
484
386
1080
331
1826
1969
43
390
750
1826
149
1160
43
530
738
752
618
1239
449
484
1160
331
1759
530
1628
331
390
1628
1160
1160
147
390
390
390
521
386
147
147
1163
521
386
386
390
521
2077
115
745
1998
752
1160
449
43
1626
390
725
521
43
1628
86
484
529
618
1880
299
2096
710
1880
933
710
1281
1281
710
2096
1295
710
1281
710
710
710
710
2096
1281
2096
1281
710
1295
710
2096
1281
1295
1295
710
1281
2096
1281
2096
390
386
1295
1295
710
1281
710
1281
1759
1650
1163
1160
390
521
331
1650
1880
1998
529
1880
449
386
1880
1628
386
639
1342
623
626
390
386
996
752
1880
1759
1014
1880
639
1826
1759
1998
386
331
639
1160
1160
1239
796
1342
390
386
1948
386
1160
1160
1826
484
1628
1998
1628
115
299
639
115
639
115
639
1628
1948
750
725
299
1163
1628
1160
115
1948
725
1160
951
1551
1281
1281
710
626
707
299
1281
1998
1160
1650
623
796
1998
1650
449
1998
1239
701
1295
530
1628
1628
750
299
725
115
1080
1998
1626
1969
1969
1628
1628
115
1880
86
1626
745
1880
449
1628
1826
933
1880
1239
1969
1551
1998
2096
449
707
147
710
1295
147
710
1759
1948
1628
449
725
1998
639
639
1628
1626
115
710
1239
725
1628
516
745
1759
1626
521
1628
516
521
1281
710
710
710
951
623
1160
299
710
529
2096
1628
707
710
530
1628
1160
1650
115
1650
521
1826
1650
1998
745
521
1160
1551
516
1160
1998
752
623
449
623
796
530
796
1998
1080
796
752
1650
1080
1295
530
1295
710
1826
1998
1628
449
745
449
1080
449
115
750
1080
1826
618
1160
521
1998
1969
530
725
1998
1998
1239
299
521
115
618
2096
1826
1826
521
710
1239
1295
710
1628
1281
521
1626
750
1650
1826
707
147
2096
516
2096
2096
2096
516
750
521
710
299
1998
86
299
745
1295
1826
1295
86
1998
626
933
750
530
390
796
1160
299
299
299
299
639
1628
449
386
299
1160
1080
1759
521
299
386
449
386
639
750
725
639
1759
725
386
521
390
1628
115
750
1628
639
43
299
1650
521
745
529
1998
951
449
1160
1160
1160
115
115
299
1826
1628
1160
1628
1160
996
1626
750
1880
299
752
521
449
386
796
1826
1759
386
449
1628
390
115
1998
521
618
1759
1160
639
1628
1628
1160
449
1826
521
1998
1998
299
623
1160
86
521
115
639
1826
1628
299
1080
1998
530
299
639
1160
1759
1628
639
639
639
1628
639
1626
115
115
1650
738
623
449
521
390
521
1628
390
299
1281
1160
710
1160
710
639
750
1998
1650
1281
529
299
530
750
1880
390
1080
750
1650
626
1080
1826
449
484
933
86
639
639
1080
529
752
1650
623
484
796
1650
796
1650
1998
1281
1080
725
710
707
707
707
1281
707
299
1163
796
1239
626
1650
484
1342
484
449
1080
484
796
521
1080
1080
1295
623
449
529
618
1628
1880
796
1160
1650
623
1826
1628
738
2033
1342
796
529
1948
331
530
745
1650
530
449
623
386
1650
390
529
1160
1650
530
738
521
1650
796
725
639
1969
530
530
521
1969
331
1342
86
86
1080
750
1650
2077
386
43
449
299
43
1080
623
745
618
2033
390
951
299
1628
725
1080
1998
2033
618
1628
529
530
1650
1880
115
1160
1998
1626
1650
86
1628
1239
1080
626
299
1998
710
1295
1998
449
796
1998
951
299
529
750
2033
738
750
1080
1342
2033
529
1650
752
299
725
796
626
752
1998
750
796
725
1759
530
710
707
1551
707
707
618
623
1880
1628
449
1880
1650
147
933
707
725
618
2096
1080
1239
1826
529
2077
529
2033
530
725
86
1014
2077
1626
1969
2033
115
745
1969
386
1998
933
1080
1163
1281
1281
1281
299
710
1281
2096
2096
710
1880
1281
710
2096
707
2096
710
707
2096
933
2096
1295
2096
1295
1295
2096
2096
1281
933
1295
1295
1281
710
710
710
1281
1281
147
1281
639
710
1628
115
1628
1295
1628
725
1998
484
623
