1222
1063
1364
499
1366
1063
770
1366
105
406
105
388
1063
105
406
97
1063
770
105
652
1051
807
741
766
226
1222
1094
130
105
406
807
766
767
437
226
1051
105
393
97
406
1051
499
406
763
807
1051
1051
1063
767
97
105
767
105
766
1051
630
209
1063
766
406
130
1364
1063
97
1366
766
767
1063
630
770
130
741
766
209
767
767
807
1051
499
130
1364
1364
393
891
1051
86
406
770
1366
388
807
630
97
499
767
437
97
130
137
1094
1061
106
437
226
105
106
1063
226
766
630
388
437
652
130
130
630
1366
1364
770
891
766
807
1284
499
1364
130
741
499
630
130
97
209
767
499
393
1094
137
763
1364
891
406
97
1063
770
763
226
499
1284
1094
807
770
226
770
630
137
499
741
807
807
130
1222
209
393
97
393
1063
106
105
1222
1094
206
406
741
97
106
1094
767
1094
770
137
652
97
1366
1094
130
499
499
105
437
137
1094
1222
1366
105
891
206
206
206
1284
206
741
97
226
1094
630
206
105
1364
209
770
209
763
206
499
226
1222
1222
1284
1225
206
766
1366
766
105
807
226
807
1051
130
388
1222
406
105
437
763
137
1364
767
1061
1061
1222
137
1222
1063
1222
1222
741
1366
652
1284
1225
206
1105
1284
1225
891
388
1225
1222
1342
106
652
1105
499
1197
630
891
891
891
630
499
807
437
105
1284
807
437
652
97
746
1051
106
106
105
130
807
226
1063
226
1366
1051
1222
130
1051
767
1051
763
226
97
766
630
1366
130
106
630
106
97
137
105
130
1284
406
746
106
741
1364
770
763
226
652
1222
1061
746
226
1364
137
1364
393
1051
766
105
499
137
746
770
652
499
1222
1364
226
1094
437
226
226
1197
1197
891
226
652
437
652
770
1364
1284
106
630
437
652
746
763
767
1284
770
393
105
1366
767
1051
105
130
1364
763
137
746
388
770
406
766
630
206
1364
226
1366
130
209
807
137
388
1063
1001
130
652
393
741
97
652
807
1094
766
652
1063
437
1063
1061
226
406
406
1063
499
630
97
1222
1051
226
807
393
137
1094
1225
437
741
1225
1225
206
1284
1225
499
105
891
206
1225
630
891
437
807
652
437
406
1364
807
226
1094
652
226
652
652
226
1225
1225
1094
1225
206
1225
226
1225
226
105
97
226
206
1284
137
770
105
630
767
97
807
406
1063
1094
206
741
499
226
652
763
1364
891
406
499
437
766
499
746
1364
763
630
137
388
1051
137
741
652
770
130
807
106
499
105
1094
741
767
766
130
770
1063
807
807
1284
1094
1364
807
1366
106
1063
209
1225
499
1222
807
388
770
1094
652
1051
209
767
770
388
130
437
1063
1063
1366
1094
105
1364
767
406
393
763
393
766
652
766
393
137
770
652
1366
393
807
1366
209
1366
406
766
1063
226
137
770
388
891
891
1094
1342
1197
1197
1197
741
593
593
1284
1342
741
741
1342
593
593
652
1094
593
593
593
1197
593
593
593
106
593
891
593
652
106
593
891
1157
1051
1364
766
766
1364
1222
807
652
1063
206
652
1364
406
630
209
1364
767
226
393
130
106
1364
807
1063
1051
130
1366
1063
652
1063
97
630
437
388
105
406
652
97
1063
1364
437
97
741
97
130
226
1366
763
406
226
206
130
406
652
226
1284
1366
891
1094
652
652
652
226
226
226
437
406
499
630
770
499
1094
1364
1364
1051
763
209
97
1105
499
1051
652
105
1222
807
807
1051
209
1364
393
1222
209
746
770
652
130
1157
767
1157
766
1342
746
105
766
746
1342
746
746
1342
1342
741
1197
891
767
766
1197
393
1157
1157
393
807
499
130
891
130
770
630
106
130
137
393
499
106
1051
770
741
137
209
1061
1222
226
652
741
437
1063
630
226
746
137
746
1105
652
630
1364
630
1222
1222
1222
770
1284
206
499
741
97
763
1364
406
766
767
741
766
770
105
106
1225
1225
1284
1222
1225
437
770
1366
767
437
437
770
807
499
1001
226
1364
767
1284
499
652
137
763
1051
1063
226
499
766
1063
1051
209
746
1225
807
807
226
226
652
226
1222
630
652
406
209
1364
209
437
499
437
746
1225
499
1284
1222
1366
652
226
1284
1222
746
130
1284
807
499
1051
226
807
1063
393
807
209
105
406
1222
807
1364
1051
226
1222
226
652
1366
1366
1366
1366
1366
1366
1366
1366
1366
1366
1366
1284
1222
437
137
499
137
770
226
652
763
1094
630
766
137
1222
1364
1366
1222
1222
137
437
206
499
106
891
437
891
770
891
106
891
770
499
437
1094
1094
1342
1222
891
1364
767
499
1284
437
1225
499
766
105
766
807
807
766
1222
741
226
770
770
1364
393
807
1063
807
1063
105
406
630
767
209
770
807
406
1063
406
105
741
437
746
741
746
499
206
393
1051
209
1364
1051
406
406
807
1284
1364
137
437
1222
1222
1225
652
763
1284
437
105
437
1364
763
1366
807
1094
105
1366
1063
766
652
652
807
130
1094
1364
206
630
741
1061
393
388
1063
741
499
741
1105
630
1063
1364
652
437
767
97
1061
1001
105
770
226
652
1222
1284
1222
499
763
206
206
891
1063
499
209
209
1063
1366
406
105
499
741
437
1051
746
226
1051
499
1366
499
1364
1063
226
226
499
807
105
741
105
388
106
1366
209
1051
1063
1063
1063
226
226
1051
1364
130
388
630
1051
652
630
652
209
1061
652
1063
807
1364
97
106
770
499
746
1063
807
1063
652
130
209
746
770
97
807
1364
763
1364
746
1094
1284
393
1094
630
406
206
630
1063
1094
1051
406
763
1051
766
766
766
746
1222
763
1105
1094
97
652
1222
1222
1222
652
1222
652
437
766
1222
499
652
1222
226
1222
652
1366
226
1222
206
206
437
1222
206
1051
652
1222
1366
137
226
1222
652
1222
226
499
1342
1094
499
652
766
1364
1284
1284
1105
1225
437
106
1157
1157
1157
652
1342
1342
741
106
1342
1157
1157
1197
593
1197
767
206
1342
1197
1157
1197
1197
206
630
652
1001
1197
1157
206
1157
593
1225
1105
630
593
1197
1342
206
1157
1222
1157
1197
1197
1197
767
1225
1197
1342
807
406
206
741
746
105
226
406
807
106
1225
1284
770
767
807
807
226
1051
137
226
1222
1222
1222
1225
1222
1094
499
1364
437
1051
1222
499
226
1222
1105
499
499
206
1094
437
741
499
499
741
499
1094
206
891
630
770
1284
1094
1364
807
499
766
437
209
741
1051
807
746
1094
130
437
499
1364
1222
1051
807
105
807
652
1051
1366
499
1364
499
406
652
770
763
1284
209
763
206
652
1094
891
437
1094
1284
1284
1094
105
130
652
1284
206
807
652
406
137
406
767
406
1157
1197
1197
652
652
1342
130
206
1284
97
105
1157
97
767
1342
1342
1342
652
1342
1225
1342
652
137
767
1061
388
807
1342
1342
1342
1222
630
1342
1342
1342
767
388
1197
1342
1157
1157
499
1157
1225
437
130
766
437
97
770
1222
137
105
1222
652
137
1364
1051
1366
1051
406
437
437
209
1366
105
1366
763
1366
1063
130
