259
2
3
275
200
56
275
47
56
235
275
229
287
160
259
160
17
200
275
41
26
56
256
41
256
26
47
224
32
182
32
32
26
56
200
47
160
41
259
47
41
275
41
287
56
47
47
287
287
275
200
41
275
47
56
56
235
235
32
259
275
56
229
229
171
26
259
47
259
47
47
3
26
160
47
160
275
287
26
275
32
26
229
275
47
26
160
287
256
259
287
47
256
287
41
259
229
26
235
26
259
47
275
200
26
26
235
287
47
171
47
41
229
56
229
229
26
26
235
259
41
32
41
160
259
41
200
235
256
41
171
160
256
32
229
256
47
224
287
56
26
256
56
229
41
171
47
32
32
182
256
287
41
171
287
287
160
171
47
160
287
17
229
32
235
41
256
182
171
160
171
171
47
32
259
229
256
171
224
229
287
182
229
41
275
275
256
47
41
287
41
287
235
275
275
182
182
47
256
200
32
182
275
47
200
259
287
235
287
229
259
41
41
41
235
256
41
275
287
235
287
26
224
224
171
47
56
47
229
224
171
275
26
160
235
171
287
41
287
256
26
235
26
47
182
47
259
41
160
235
287
26
235
41
287
256
47
259
259
56
275
17
287
160
47
259
235
32
287
235
32
275
32
160
275
17
26
56
275
256
32
41
41
47
56
259
287
41
229
287
160
26
56
26
256
26
41
160
256
259
235
182
259
26
256
56
200
235
224
256
26
26
235
56
160
275
200
47
235
47
275
41
235
287
287
160
160
56
26
229
32
47
235
235
56
287
56
32
224
200
56
287
32
275
47
235
235
32
259
287
3
56
56
229
47
200
