1
148
447
177
46
750
187
332
795
318
845
318
177
177
318
184
184
184
184
187
184
669
187
581
146
465
580
146
333
750
148
447
593
332
275
36
479
845
146
177
845
187
146
447
148
46
129
669
669
669
148
580
187
581
318
448
146
448
36
795
177
533
581
148
146
275
36
750
843
275
669
669
318
184
669
669
669
275
275
318
843
148
750
533
836
187
533
146
448
318
581
146
146
581
177
533
184
275
843
448
664
533
187
275
187
187
750
275
581
146
533
795
447
177
447
275
318
318
129
795
146
184
750
533
318
448
146
624
129
275
750
129
580
275
843
129
318
148
275
177
275
845
836
318
533
146
795
148
275
581
318
275
146
275
843
750
177
444
593
447
148
275
669
581
177
593
187
750
148
184
318
46
750
669
581
187
177
845
750
187
448
332
447
184
447
447
187
750
669
845
46
184
795
664
448
836
581
836
845
46
184
845
836
447
332
46
184
333
580
318
836
129
669
146
580
581
46
491
448
392
146
318
318
447
275
184
146
177
845
146
447
843
465
275
581
447
275
465
843
36
580
580
318
146
465
669
447
447
448
669
447
580
669
580
580
669
580
275
275
843
129
275
533
479
845
836
533
447
533
447
275
275
447
448
275
146
184
129
275
447
146
177
533
318
669
669
146
624
129
533
448
177
148
146
146
184
318
843
843
843
146
669
146
146
533
275
318
843
318
146
184
46
845
843
448
187
750
318
669
275
447
669
187
46
187
836
184
184
843
148
146
332
333
593
333
275
337
448
318
36
581
447
46
533
447
184
447
750
843
146
580
146
580
843
581
533
533
146
46
447
750
533
669
392
177
669
318
669
843
491
177
318
448
580
580
465
187
580
275
46
843
533
533
177
624
447
581
148
184
447
836
392
836
146
146
836
533
669
580
669
669
533
184
447
187
447
836
465
448
332
580
146
580
444
448
148
46
845
447
580
146
581
533
845
465
447
669
129
318
533
333
177
580
750
580
669
669
580
187
795
533
148
843
444
795
146
447
448
843
447
465
580
129
580
146
447
580
669
669
581
447
177
318
669
465
750
465
465
580
465
465
148
580
580
146
447
318
146
479
581
392
392
447
184
447
275
669
533
669
750
491
187
333
392
447
275
491
46
148
333
750
533
669
318
669
148
46
448
184
448
184
148
392
750
36
177
187
184
533
129
129
533
146
146
318
447
533
843
146
318
184
533
533
332
184
447
447
447
184
448
593
836
448
533
392
275
750
392
533
318
843
184
184
318
448
533
750
845
392
581
448
36
581
332
795
479
465
465
447
333
836
448
146
795
318
750
177
836
843
580
581
580
333
332
318
177
332
36
184
184
843
332
593
318
146
333
580
669
318
669
533
581
581
177
845
318
580
479
479
465
465
750
146
129
533
795
146
129
465
580
533
129
465
624
448
843
177
448
146
146
533
146
148
479
275
275
146
177
845
148
275
843
187
593
333
750
447
392
836
187
318
333
491
795
146
580
843
177
177
275
46
669
318
664
836
669
669
843
669
146
448
129
750
46
184
184
129
146
129
533
533
750
448
129
146
148
845
664
275
669
795
843
146
580
447
447
275
533
669
184
444
148
318
448
333
533
448
184
184
843
447
447
146
533
275
177
580
479
447
184
447
447
187
580
129
146
146
146
275
129
447
580
177
177
750
275
318
332
750
332
581
332
581
177
669
129
750
332
46
750
332
36
177
836
843
580
479
36
533
444
750
177
843
275
444
444
392
177
843
669
580
318
184
318
836
148
845
129
669
318
146
177
146
318
533
318
448
664
184
843
479
669
36
447
795
447
177
750
275
843
318
129
447
845
184
465
275
843
465
332
46
129
580
845
669
46
177
845
845
148
581
845
669
46
333
845
177
845
129
845
664
845
845
750
318
836
533
580
36
845
533
580
843
448
845
669
