602
879
636
443
425
443
809
330
787
787
815
19
425
100
19
602
379
425
19
19
108
786
636
558
319
100
786
593
100
786
32
32
33
33
35
33
636
33
33
108
126
815
100
319
35
786
718
602
32
319
731
319
815
32
108
717
636
558
379
786
602
425
33
35
602
33
35
636
319
693
108
32
32
19
425
879
413
787
693
108
718
425
319
693
425
787
379
443
443
443
787
693
693
413
35
786
602
100
443
100
879
126
100
787
32
693
717
108
636
330
156
787
100
413
717
834
330
717
425
100
717
100
319
636
250
126
379
33
32
636
602
786
330
108
319
33
33
396
717
731
787
717
143
319
33
602
379
32
33
19
731
787
153
156
319
156
786
32
108
108
379
250
379
379
33
319
693
19
693
786
126
33
100
100
319
558
787
100
396
35
602
126
156
558
108
32
717
330
636
787
602
718
718
693
108
413
879
693
815
156
786
108
33
786
379
19
693
330
443
100
35
718
693
693
815
319
379
396
330
35
330
156
593
396
879
100
396
413
330
558
786
108
35
636
100
396
413
558
718
718
834
815
879
834
786
396
865
879
787
250
396
413
126
650
100
396
718
156
731
731
731
731
731
731
731
731
731
731
731
731
731
731
731
731
602
126
879
602
602
35
718
718
19
425
593
834
108
330
32
425
425
786
636
636
786
636
636
636
786
330
330
602
718
319
330
558
558
330
108
718
413
100
33
108
558
693
413
558
319
787
650
413
693
602
558
443
32
108
379
330
731
425
108
156
35
319
718
19
717
19
108
717
330
330
786
379
330
786
35
330
425
425
786
718
19
593
636
787
786
693
330
32
602
602
33
787
425
108
718
32
126
156
787
718
379
593
786
602
379
35
396
718
558
396
786
32
865
330
786
693
19
425
396
330
879
396
33
33
558
330
396
879
879
19
33
865
865
126
100
108
718
319
413
693
126
786
100
32
319
32
32
319
32
425
425
693
786
786
250
787
413
108
786
593
879
636
250
636
602
717
879
319
443
879
693
602
602
396
19
33
396
396
718
108
19
425
636
108
19
108
636
156
786
693
33
425
108
33
602
443
19
19
19
558
319
330
126
379
319
602
717
319
379
718
443
593
786
330
602
717
108
602
558
558
32
786
396
636
32
33
156
156
330
786
32
35
35
32
786
731
425
108
330
108
636
32
35
593
602
32
717
35
35
108
35
35
250
731
636
558
32
396
718
786
425
396
319
786
425
32
693
100
126
602
787
602
19
693
33
425
319
33
33
35
602
879
330
558
33
693
718
787
425
602
396
717
815
126
35
786
396
108
100
108
319
19
319
33
636
33
602
32
19
879
602
33
815
32
32
787
718
19
593
32
786
32
602
33
32
786
602
602
636
100
787
425
330
126
718
108
693
108
250
425
153
100
865
787
717
693
558
443
156
636
636
636
636
32
396
879
319
443
693
650
636
636
636
636
636
636
636
636
636
636
636
636
786
593
108
650
693
787
396
19
593
718
718
33
443
425
879
100
396
636
108
250
35
787
602
693
126
693
717
32
319
593
718
425
786
35
108
19
558
33
33
396
602
33
330
126
425
693
693
413
35
396
379
558
786
250
717
879
879
693
693
330
33
815
425
636
156
731
731
731
250
330
717
718
834
319
32
693
602
250
32
787
379
636
100
602
731
425
787
126
32
32
108
443
33
156
33
100
19
425
126
33
593
593
413
593
330
35
593
443
156
32
636
19
19
815
19
379
33
108
32
33
19
19
108
693
787
35
879
787
786
396
636
718
718
443
636
718
636
636
718
786
787
126
379
396
717
787
602
100
126
834
156
787
32
731
319
815
108
396
636
602
718
786
809
786
815
786
809
786
815
718
865
650
558
718
787
787
396
650
413
636
718
718
718
865
100
126
396
834
126
865
396
718
126
100
636
718
396
865
834
396
126
865
717
108
156
156
834
396
693
126
413
834
718
717
126
865
250
413
865
413
865
396
834
718
718
126
717
879
693
35
815
35
879
558
809
319
879
33
558
558
786
