1047
99
145
42
511
42
608
589
113
282
223
684
511
375
340
1049
282
282
589
30
1043
609
741
687
223
1278
1047
511
741
30
511
589
340
801
511
801
30
250
42
951
250
42
872
223
1047
1136
250
1047
1136
377
1043
684
1050
250
236
1278
250
742
741
30
589
1231
872
589
1297
608
250
609
589
741
742
589
608
276
589
869
223
869
377
30
99
257
30
589
1261
1189
589
951
589
1043
1189
691
377
1043
869
257
872
1047
99
741
1043
1047
223
250
223
1043
609
869
1047
589
30
684
113
257
951
257
497
1136
236
1050
250
123
123
1297
250
236
1049
42
589
236
1297
872
869
801
723
1278
741
1047
1261
250
236
250
250
801
145
1297
801
869
1136
497
223
608
1136
113
1049
1047
869
257
30
608
511
377
609
123
1231
608
742
611
1047
611
589
377
1297
1049
608
236
1297
608
741
742
589
377
1278
1043
1189
951
123
123
497
801
611
687
951
1050
742
801
42
1231
742
223
684
250
250
742
1278
684
951
250
282
801
687
1050
30
741
30
250
377
872
869
744
511
609
223
608
1049
608
377
276
250
1297
1047
497
608
1261
113
236
1297
1297
684
1278
872
250
113
801
223
1231
741
223
1297
250
1261
42
723
145
113
684
257
589
497
869
223
1047
872
375
1261
1043
687
223
1047
377
236
608
99
250
250
276
276
223
250
497
257
282
257
1049
742
340
282
223
223
1261
742
257
236
257
872
1047
869
511
869
744
223
687
869
1049
1297
872
801
257
684
869
609
1047
1043
1043
1047
257
375
223
236
869
742
282
42
742
741
223
377
869
1047
1047
223
511
1047
1047
377
611
1043
42
340
340
257
223
377
744
741
123
951
608
1050
742
742
497
223
1049
42
589
684
684
1050
1047
236
30
872
684
1278
801
869
42
497
1231
687
611
1297
611
375
123
377
257
1278
375
1049
801
30
1049
497
1261
609
223
801
375
250
30
250
497
1189
608
608
691
951
611
742
250
1050
1049
42
801
123
1189
99
608
1136
608
1189
250
741
511
872
511
1189
497
741
1301
1297
377
1297
145
872
250
145
377
375
123
123
1297
282
1050
951
123
276
951
609
609
276
223
276
145
276
1049
250
801
801
1043
511
123
113
611
1278
223
30
375
1050
250
497
377
123
691
687
742
223
609
744
741
257
375
377
377
869
30
30
236
282
223
497
1278
723
608
608
869
723
872
611
608
282
236
1043
723
497
684
282
1301
1297
684
1043
951
236
236
1261
375
611
611
511
250
1261
742
1301
123
145
377
113
377
742
42
872
1278
869
282
801
250
42
223
236
611
872
1049
30
30
282
123
951
608
1136
511
589
609
608
377
741
691
684
1297
741
257
257
608
1050
42
511
236
608
801
869
1050
1049
1297
497
511
1189
801
375
951
1043
608
611
1050
282
742
250
1050
611
684
687
742
30
113
1050
30
872
1050
589
869
1049
1050
1047
608
497
608
589
250
497
30
250
236
608
742
611
282
801
608
609
608
611
123
497
742
1261
30
869
611
250
1278
611
869
1047
869
1261
1189
123
1047
497
375
1043
1297
801
123
1047
589
1278
1049
611
611
608
236
236
742
609
951
742
608
611
1050
742
236
1049
250
741
1043
1047
276
276
723
42
276
1049
1047
497
42
608
511
1301
741
1047
1047
1049
872
250
123
42
589
1261
1278
684
1043
1043
684
223
497
687
113
1043
744
691
723
236
1047
742
1136
236
282
223
609
1049
1189
872
42
30
497
1297
377
99
710
30
1231
741
1297
589
611
742
377
1297
282
1301
1189
723
377
377
375
30
728
744
801
1050
1047
145
608
608
1043
687
801
687
744
741
742
684
744
1189
377
145
589
1050
497
1297
250
687
611
687
687
687
687
377
608
1043
113
30
1047
608
608
609
589
691
608
377
1050
608
684
742
801
113
1047
801
1047
145
1047
377
687
609
1297
1261
801
687
742
742
1278
1047
608
223
723
608
145
951
223
801
282
497
723
1189
497
282
951
282
611
951
1278
1297
611
684
611
608
113
497
589
223
742
377
223
869
687
687
687
276
276
589
282
276
276
497
276
276
276
687
223
801
742
1050
608
611
742
742
742
742
42
1189
687
1189
869
257
1049
869
377
611
1261
1050
609
42
377
723
684
99
257
869
1278
801
872
223
42
223
1047
1043
589
611
611
742
869
377
30
869
1297
257
377
608
377
742
611
223
282
497
497
223
589
1297
589
589
1297
42
589
1297
589
869
1047
42
497
497
282
99
609
1049
742
869
223
742
223
30
611
611
1049
611
609
687
687
611
589
869
511
589
250
589
282
742
609
611
611
869
589
1047
1278
609
872
223
1049
1047
1043
951
1049
282
687
609
611
609
611
611
497
589
1049
123
1050
497
801
742
687
99
1047
869
1050
801
377
1043
608
1047
1231
1050
377
1047
608
1297
377
872
608
611
801
377
611
250
609
1043
497
1049
801
741
1047
1050
1231
511
223
1261
236
497
282
801
1278
377
377
42
375
250
1049
223
123
257
1278
257
710
223
608
742
1049
609
744
1050
742
723
741
1050
741
611
1049
687
1261
1050
497
375
30
377
744
1043
741
123
872
1047
609
1049
1050
687
611
1043
589
1050
741
1050
99
684
223
282
723
257
687
611
741
801
511
1043
30
869
1049
1278
951
608
609
377
497
1050
377
1047
608
497
375
1047
1049
611
611
377
276
611
589
741
257
282
1043
742
742
869
589
1189
113
1047
145
377
250
497
250
236
687
236
236
1136
1189
611
801
113
741
1050
236
1278
377
723
744
42
1050
801
742
113
113
872
123
611
1297
1297
1136
1136
511
608
511
611
611
145
684
1301
145
113
377
250
123
609
684
1050
236
869
1136
1136
1261
1301
145
42
375
1278
145
589
589
589
869
801
1049
608
742
1043
340
282
30
1278
742
511
687
282
608
1261
377
741
375
497
1050
1189
1050
744
609
282
872
951
282
589
741
744
1050
611
1136
1136
801
282
236
250
250
377
687
872
1136
1043
589
687
1261
741
250
1297
1049
608
611
611
1301
1136
1301
742
684
1049
1043
1231
611
951
250
30
744
608
1136
1049
744
1047
1136
1043
951
951
951
1050
1050
236
236
236
250
611
1050
869
742
723
42
1043
1043
1261
1050
744
1047
589
123
250
801
1049
250
223
30
497
1136
223
801
1301
1278
1136
589
123
1261
42
1189
223
1261
1261
684
608
608
684
1278
1297
223
282
589
1297
236
1301
1301
1301
511
375
1301
1301
1301
1301
801
145
742
223
145
282
1043
710
1278
511
801
123
801
1301
1136
1136
282
